1.79504e-11 1.93094e-07 0 1.93094e-07 4.5444e-08
1.89071e-11 1.98172e-07 0 1.98172e-07 4.78183e-08
1.99147e-11 2.03384e-07 0 2.03384e-07 5.03141e-08
2.09761e-11 2.08734e-07 0 2.08734e-07 5.29372e-08
2.2094e-11 2.14223e-07 0 2.14223e-07 5.5694e-08
2.32715e-11 2.19858e-07 0 2.19858e-07 5.85908e-08
2.45117e-11 2.2564e-07 0 2.2564e-07 6.16345e-08
2.5818e-11 2.31575e-07 0 2.31575e-07 6.4832e-08
2.7194e-11 2.37666e-07 0 2.37666e-07 6.81907e-08
2.86432e-11 2.43917e-07 0 2.43917e-07 7.17182e-08
3.01698e-11 2.50332e-07 0 2.50332e-07 7.54225e-08
3.17776e-11 2.56916e-07 0 2.56916e-07 7.93118e-08
3.34712e-11 2.63673e-07 0 2.63673e-07 8.33947e-08
3.5255e-11 2.70608e-07 0 2.70608e-07 8.76801e-08
3.71339e-11 2.77725e-07 0 2.77725e-07 9.21773e-08
3.91129e-11 2.8503e-07 0 2.8503e-07 9.68958e-08
4.11974e-11 2.92526e-07 0 2.92526e-07 1.01846e-07
4.3393e-11 3.0022e-07 0 3.0022e-07 1.07037e-07
4.57056e-11 3.08116e-07 0 3.08116e-07 1.12481e-07
4.81414e-11 3.1622e-07 0 3.1622e-07 1.18188e-07
5.07071e-11 3.24537e-07 0 3.24537e-07 1.24169e-07
5.34095e-11 3.33073e-07 0 3.33073e-07 1.30437e-07
5.62559e-11 3.41833e-07 0 3.41833e-07 1.37003e-07
5.9254e-11 3.50824e-07 0 3.50824e-07 1.4388e-07
6.24119e-11 3.60051e-07 0 3.60051e-07 1.51081e-07
6.5738e-11 3.6952e-07 0 3.6952e-07 1.58618e-07
6.92415e-11 3.79239e-07 0 3.79239e-07 1.66504e-07
7.29317e-11 3.89214e-07 0 3.89214e-07 1.74755e-07
7.68185e-11 3.99451e-07 0 3.99451e-07 1.83383e-07
8.09125e-11 4.09957e-07 0 4.09957e-07 1.92403e-07
8.52246e-11 4.20739e-07 0 4.20739e-07 2.01829e-07
8.97666e-11 4.31805e-07 0 4.31805e-07 2.11677e-07
9.45506e-11 4.43162e-07 0 4.43162e-07 2.2196e-07
9.95896e-11 4.54818e-07 0 4.54818e-07 2.32695e-07
1.04897e-10 4.6678e-07 0 4.6678e-07 2.43896e-07
1.10488e-10 4.79057e-07 0 4.79057e-07 2.55579e-07
1.16376e-10 4.91656e-07 0 4.91656e-07 2.67759e-07
1.22578e-10 5.04588e-07 0 5.04588e-07 2.80452e-07
1.29111e-10 5.17859e-07 0 5.17859e-07 2.93673e-07
1.35992e-10 5.31479e-07 0 5.31479e-07 3.07438e-07
1.43239e-10 5.45458e-07 0 5.45458e-07 3.21762e-07
1.50873e-10 5.59804e-07 0 5.59804e-07 3.36661e-07
1.58914e-10 5.74527e-07 0 5.74527e-07 3.52148e-07
1.67383e-10 5.89638e-07 0 5.89638e-07 3.6824e-07
1.76303e-10 6.05146e-07 0 6.05146e-07 3.84949e-07
1.85699e-10 6.21062e-07 0 6.21062e-07 4.02292e-07
1.95596e-10 6.37397e-07 0 6.37397e-07 4.2028e-07
2.0602e-10 6.54161e-07 0 6.54161e-07 4.38927e-07
2.17e-10 6.71366e-07 0 6.71366e-07 4.58247e-07
2.28564e-10 6.89024e-07 0 6.89024e-07 4.7825e-07
2.40746e-10 7.07146e-07 0 7.07146e-07 4.9895e-07
2.53576e-10 7.25745e-07 0 7.25745e-07 5.20355e-07
2.6709e-10 7.44833e-07 0 7.44833e-07 5.42477e-07
2.81324e-10 7.64423e-07 0 7.64423e-07 5.65325e-07
2.96317e-10 7.84528e-07 0 7.84528e-07 5.88908e-07
3.12109e-10 8.05162e-07 0 8.05162e-07 6.13233e-07
3.28743e-10 8.26339e-07 0 8.26339e-07 6.38309e-07
3.46263e-10 8.48073e-07 0 8.48073e-07 6.64141e-07
3.64717e-10 8.70378e-07 0 8.70378e-07 6.90736e-07
3.84154e-10 8.9327e-07 0 8.9327e-07 7.18097e-07
4.04627e-10 9.16764e-07 0 9.16764e-07 7.46231e-07
4.26191e-10 9.40876e-07 0 9.40876e-07 7.7514e-07
4.48905e-10 9.65622e-07 0 9.65622e-07 8.04828e-07
4.72829e-10 9.91019e-07 0 9.91019e-07 8.35297e-07
4.98028e-10 1.01708e-06 0 1.01708e-06 8.6655e-07
5.2457e-10 1.04383e-06 0 1.04383e-06 8.9859e-07
5.52526e-10 1.07129e-06 0 1.07129e-06 9.31417e-07
5.81973e-10 1.09947e-06 0 1.09947e-06 9.65034e-07
6.12989e-10 1.12838e-06 0 1.12838e-06 9.99443e-07
6.45657e-10 1.15806e-06 0 1.15806e-06 1.03465e-06
6.80067e-10 1.18852e-06 0 1.18852e-06 1.07064e-06
7.16311e-10 1.21978e-06 0 1.21978e-06 1.10744e-06
7.54486e-10 1.25186e-06 0 1.25186e-06 1.14504e-06
7.94695e-10 1.28479e-06 0 1.28479e-06 1.18345e-06
8.37048e-10 1.31858e-06 0 1.31858e-06 1.22267e-06
8.81658e-10 1.35326e-06 0 1.35326e-06 1.26271e-06
9.28645e-10 1.38885e-06 0 1.38885e-06 1.30357e-06
9.78136e-10 1.42538e-06 0 1.42538e-06 1.34527e-06
1.03027e-09 1.46287e-06 0 1.46287e-06 1.38782e-06
1.08517e-09 1.50134e-06 0 1.50134e-06 1.43122e-06
1.14301e-09 1.54083e-06 0 1.54083e-06 1.47549e-06
1.20392e-09 1.58135e-06 0 1.58135e-06 1.52065e-06
1.26808e-09 1.62295e-06 0 1.62295e-06 1.56671e-06
1.33566e-09 1.66563e-06 0 1.66563e-06 1.6137e-06
1.40685e-09 1.70944e-06 0 1.70944e-06 1.66164e-06
1.48182e-09 1.7544e-06 0 1.7544e-06 1.71054e-06
1.5608e-09 1.80054e-06 0 1.80054e-06 1.76044e-06
1.64398e-09 1.8479e-06 0 1.8479e-06 1.81136e-06
1.73159e-09 1.8965e-06 0 1.8965e-06 1.86333e-06
1.82388e-09 1.94638e-06 0 1.94638e-06 1.91639e-06
1.92108e-09 1.99757e-06 0 1.99757e-06 1.97057e-06
2.02346e-09 2.05011e-06 0 2.05011e-06 2.0259e-06
2.1313e-09 2.10403e-06 0 2.10403e-06 2.08243e-06
2.24488e-09 2.15937e-06 0 2.15937e-06 2.14019e-06
2.36452e-09 2.21616e-06 0 2.21616e-06 2.19923e-06
2.49054e-09 2.27445e-06 0 2.27445e-06 2.25959e-06
2.62327e-09 2.33427e-06 0 2.33427e-06 2.32131e-06
2.76307e-09 2.39567e-06 0 2.39567e-06 2.38445e-06
2.91033e-09 2.45868e-06 0 2.45868e-06 2.44905e-06
3.06543e-09 2.52334e-06 0 2.52334e-06 2.51517e-06
3.2288e-09 2.58971e-06 0 2.58971e-06 2.58284e-06
3.40088e-09 2.65782e-06 0 2.65782e-06 2.65214e-06
3.58213e-09 2.72773e-06 0 2.72773e-06 2.72311e-06
3.77303e-09 2.79947e-06 0 2.79947e-06 2.79581e-06
3.97411e-09 2.8731e-06 0 2.8731e-06 2.87029e-06
4.18591e-09 2.94866e-06 0 2.94866e-06 2.94662e-06
4.409e-09 3.02622e-06 0 3.02622e-06 3.02485e-06
4.64397e-09 3.10581e-06 0 3.10581e-06 3.10504e-06
4.89146e-09 3.1875e-06 0 3.1875e-06 3.18726e-06
5.15215e-09 3.27133e-06 0 3.27133e-06 3.27156e-06
5.42673e-09 3.35737e-06 0 3.35737e-06 3.35801e-06
5.71594e-09 3.44567e-06 0 3.44567e-06 3.44668e-06
6.02057e-09 3.5363e-06 0 3.5363e-06 3.53762e-06
6.34143e-09 3.62931e-06 0 3.62931e-06 3.63092e-06
6.67939e-09 3.72476e-06 0 3.72476e-06 3.72662e-06
7.03536e-09 3.82273e-06 0 3.82273e-06 3.82481e-06
7.41031e-09 3.92327e-06 0 3.92327e-06 3.92555e-06
7.80523e-09 4.02646e-06 0 4.02646e-06 4.02892e-06
8.22121e-09 4.13236e-06 0 4.13236e-06 4.13498e-06
8.65935e-09 4.24104e-06 0 4.24104e-06 4.24382e-06
9.12084e-09 4.35259e-06 0 4.35259e-06 4.3555e-06
9.60693e-09 4.46707e-06 0 4.46707e-06 4.4701e-06
1.01189e-08 4.58456e-06 0 4.58456e-06 4.58772e-06
1.06582e-08 4.70514e-06 0 4.70514e-06 4.70841e-06
1.12262e-08 4.82889e-06 0 4.82889e-06 4.83227e-06
1.18245e-08 4.95589e-06 0 4.95589e-06 4.95939e-06
1.24547e-08 5.08624e-06 0 5.08624e-06 5.08984e-06
1.31185e-08 5.22001e-06 0 5.22001e-06 5.22372e-06
1.38176e-08 5.3573e-06 0 5.3573e-06 5.36112e-06
1.4554e-08 5.49821e-06 0 5.49821e-06 5.50213e-06
1.53296e-08 5.64282e-06 0 5.64282e-06 5.64684e-06
1.61466e-08 5.79123e-06 0 5.79123e-06 5.79536e-06
1.70071e-08 5.94355e-06 0 5.94355e-06 5.94778e-06
1.79135e-08 6.09987e-06 0 6.09987e-06 6.10421e-06
1.88682e-08 6.2603e-06 0 6.2603e-06 6.26477e-06
1.98738e-08 6.42495e-06 0 6.42495e-06 6.42954e-06
2.09329e-08 6.59394e-06 0 6.59394e-06 6.59864e-06
2.20485e-08 6.76737e-06 0 6.76737e-06 6.7722e-06
2.32236e-08 6.94536e-06 0 6.94536e-06 6.95031e-06
2.44612e-08 7.12803e-06 0 7.12803e-06 7.13311e-06
2.57649e-08 7.3155e-06 0 7.3155e-06 7.32072e-06
2.7138e-08 7.50791e-06 0 7.50791e-06 7.51326e-06
2.85843e-08 7.70538e-06 0 7.70538e-06 7.71087e-06
3.01077e-08 7.90804e-06 0 7.90804e-06 7.91367e-06
3.17122e-08 8.11603e-06 0 8.11603e-06 8.12181e-06
3.34023e-08 8.32949e-06 0 8.32949e-06 8.33542e-06
3.51825e-08 8.54857e-06 0 8.54857e-06 8.55467e-06
3.70575e-08 8.7734e-06 0 8.7734e-06 8.77967e-06
3.90324e-08 9.00415e-06 0 9.00415e-06 9.01058e-06
4.11126e-08 9.24097e-06 0 9.24097e-06 9.24757e-06
4.33037e-08 9.48402e-06 0 9.48402e-06 9.49079e-06
4.56115e-08 9.73346e-06 0 9.73346e-06 9.74041e-06
4.80423e-08 9.98947e-06 0 9.98947e-06 9.99659e-06
5.06027e-08 1.02522e-05 0 1.02522e-05 1.02595e-05
5.32995e-08 1.05218e-05 0 1.05218e-05 1.05293e-05
5.61401e-08 1.07986e-05 0 1.07986e-05 1.08063e-05
5.9132e-08 1.10826e-05 0 1.10826e-05 1.10905e-05
6.22834e-08 1.13741e-05 0 1.13741e-05 1.13822e-05
6.56028e-08 1.16732e-05 0 1.16732e-05 1.16816e-05
6.9099e-08 1.19803e-05 0 1.19803e-05 1.19888e-05
7.27816e-08 1.22953e-05 0 1.22953e-05 1.23041e-05
7.66604e-08 1.26187e-05 0 1.26187e-05 1.26277e-05
8.0746e-08 1.29506e-05 0 1.29506e-05 1.29599e-05
8.50493e-08 1.32912e-05 0 1.32912e-05 1.33007e-05
8.95819e-08 1.36408e-05 0 1.36408e-05 1.36505e-05
9.43561e-08 1.39996e-05 0 1.39996e-05 1.40096e-05
9.93847e-08 1.43678e-05 0 1.43678e-05 1.4378e-05
1.04681e-07 1.47457e-05 0 1.47457e-05 1.47562e-05
1.1026e-07 1.51335e-05 0 1.51335e-05 1.51443e-05
1.16136e-07 1.55315e-05 0 1.55315e-05 1.55426e-05
1.22326e-07 1.594e-05 0 1.594e-05 1.59514e-05
1.28845e-07 1.63593e-05 0 1.63593e-05 1.63709e-05
1.35712e-07 1.67895e-05 0 1.67895e-05 1.68015e-05
1.42944e-07 1.72311e-05 0 1.72311e-05 1.72434e-05
1.50563e-07 1.76843e-05 0 1.76843e-05 1.76969e-05
1.58587e-07 1.81494e-05 0 1.81494e-05 1.81624e-05
1.67038e-07 1.86268e-05 0 1.86268e-05 1.86401e-05
1.75941e-07 1.91167e-05 0 1.91167e-05 1.91303e-05
1.85317e-07 1.96195e-05 0 1.96195e-05 1.96335e-05
1.95193e-07 2.01355e-05 0 2.01355e-05 2.01499e-05
2.05596e-07 2.06651e-05 0 2.06651e-05 2.06798e-05
2.16553e-07 2.12086e-05 0 2.12086e-05 2.12237e-05
2.28094e-07 2.17664e-05 0 2.17664e-05 2.17819e-05
2.4025e-07 2.23389e-05 0 2.23389e-05 2.23548e-05
2.53054e-07 2.29265e-05 0 2.29265e-05 2.29428e-05
2.6654e-07 2.35294e-05 0 2.35294e-05 2.35462e-05
2.80746e-07 2.41483e-05 0 2.41483e-05 2.41655e-05
2.95708e-07 2.47834e-05 0 2.47834e-05 2.48011e-05
3.11467e-07 2.54353e-05 0 2.54353e-05 2.54534e-05
3.28066e-07 2.61042e-05 0 2.61042e-05 2.61229e-05
3.4555e-07 2.67908e-05 0 2.67908e-05 2.68099e-05
3.63966e-07 2.74954e-05 0 2.74954e-05 2.75151e-05
3.83364e-07 2.82186e-05 0 2.82186e-05 2.82387e-05
4.03795e-07 2.89608e-05 0 2.89608e-05 2.89814e-05
4.25314e-07 2.97225e-05 0 2.97225e-05 2.97437e-05
4.47981e-07 3.05042e-05 0 3.05042e-05 3.0526e-05
4.71856e-07 3.13065e-05 0 3.13065e-05 3.13288e-05
4.97003e-07 3.21299e-05 0 3.21299e-05 3.21528e-05
5.2349e-07 3.2975e-05 0 3.2975e-05 3.29985e-05
5.51389e-07 3.38423e-05 0 3.38423e-05 3.38664e-05
5.80775e-07 3.47324e-05 0 3.47324e-05 3.47571e-05
6.11727e-07 3.56459e-05 0 3.56459e-05 3.56713e-05
6.44329e-07 3.65834e-05 0 3.65834e-05 3.66095e-05
6.78668e-07 3.75456e-05 0 3.75456e-05 3.75723e-05
7.14837e-07 3.85331e-05 0 3.85331e-05 3.85605e-05
7.52933e-07 3.95465e-05 0 3.95465e-05 3.95747e-05
7.9306e-07 4.05866e-05 0 4.05866e-05 4.06156e-05
8.35326e-07 4.16541e-05 0 4.16541e-05 4.16838e-05
8.79844e-07 4.27497e-05 0 4.27497e-05 4.27801e-05
9.26734e-07 4.3874e-05 0 4.3874e-05 4.39053e-05
9.76123e-07 4.5028e-05 0 4.5028e-05 4.50601e-05
1.02815e-06 4.62123e-05 0 4.62123e-05 4.62453e-05
1.08294e-06 4.74277e-05 0 4.74277e-05 4.74616e-05
1.14065e-06 4.86751e-05 0 4.86751e-05 4.87099e-05
1.20144e-06 4.99553e-05 0 4.99553e-05 4.9991e-05
1.26547e-06 5.12692e-05 0 5.12692e-05 5.13058e-05
1.33292e-06 5.26177e-05 0 5.26177e-05 5.26552e-05
1.40395e-06 5.40016e-05 0 5.40016e-05 5.40401e-05
1.47877e-06 5.54219e-05 0 5.54219e-05 5.54614e-05
1.55758e-06 5.68795e-05 0 5.68795e-05 5.69201e-05
1.6406e-06 5.83755e-05 0 5.83755e-05 5.84171e-05
1.72803e-06 5.99109e-05 0 5.99109e-05 5.99536e-05
1.82012e-06 6.14866e-05 0 6.14866e-05 6.15304e-05
1.91712e-06 6.31038e-05 0 6.31038e-05 6.31487e-05
2.0193e-06 6.47635e-05 0 6.47635e-05 6.48097e-05
2.12691e-06 6.64668e-05 0 6.64668e-05 6.65143e-05
2.24027e-06 6.8215e-05 0 6.8215e-05 6.82637e-05
2.35966e-06 7.00091e-05 0 7.00091e-05 7.00591e-05
2.48541e-06 7.18505e-05 0 7.18505e-05 7.19017e-05
2.61787e-06 7.37402e-05 0 7.37402e-05 7.37928e-05
2.75739e-06 7.56797e-05 0 7.56797e-05 7.57336e-05
2.90434e-06 7.76701e-05 0 7.76701e-05 7.77255e-05
3.05913e-06 7.97129e-05 0 7.97129e-05 7.97698e-05
3.22216e-06 8.18095e-05 0 8.18095e-05 8.18678e-05
3.39388e-06 8.39612e-05 0 8.39612e-05 8.4021e-05
3.57476e-06 8.61695e-05 0 8.61695e-05 8.62308e-05
3.76527e-06 8.84358e-05 0 8.84358e-05 8.84988e-05
3.96594e-06 9.07618e-05 0 9.07618e-05 9.08266e-05
4.1773e-06 9.31489e-05 0 9.31489e-05 9.32154e-05
4.39992e-06 9.55988e-05 0 9.55988e-05 9.56671e-05
4.63441e-06 9.81132e-05 0 9.81132e-05 9.81832e-05
4.8814e-06 0.000100694 0 0.000100694 0.000100766
5.14155e-06 0.000103342 0 0.000103342 0.000103416
5.41556e-06 0.00010606 0 0.00010606 0.000106136
5.70418e-06 0.00010885 0 0.00010885 0.000108927
6.00818e-06 0.000111712 0 0.000111712 0.000111792
6.32838e-06 0.000114651 0 0.000114651 0.000114732
6.66565e-06 0.000117666 0 0.000117666 0.00011775
7.02089e-06 0.000120761 0 0.000120761 0.000120847
7.39506e-06 0.000123937 0 0.000123937 0.000124025
7.78917e-06 0.000127197 0 0.000127197 0.000127287
8.20429e-06 0.000130542 0 0.000130542 0.000130635
8.64153e-06 0.000133976 0 0.000133976 0.000134071
9.10207e-06 0.000137499 0 0.000137499 0.000137597
9.58716e-06 0.000141116 0 0.000141116 0.000141216
1.00981e-05 0.000144827 0 0.000144827 0.00014493
1.06363e-05 0.000148636 0 0.000148636 0.000148742
1.12031e-05 0.000152546 0 0.000152546 0.000152654
1.18002e-05 0.000156558 0 0.000156558 0.000156669
1.24291e-05 0.000160675 0 0.000160675 0.00016079
1.30915e-05 0.000164901 0 0.000164901 0.000165019
1.37892e-05 0.000169238 0 0.000169238 0.000169359
1.4524e-05 0.00017369 0 0.00017369 0.000173814
1.52981e-05 0.000178258 0 0.000178258 0.000178385
1.61134e-05 0.000182946 0 0.000182946 0.000183077
1.69721e-05 0.000187758 0 0.000187758 0.000187892
1.78766e-05 0.000192696 0 0.000192696 0.000192834
1.88294e-05 0.000197764 0 0.000197764 0.000197905
1.98329e-05 0.000202966 0 0.000202966 0.000203111
2.08898e-05 0.000208304 0 0.000208304 0.000208453
2.20031e-05 0.000213783 0 0.000213783 0.000213935
2.31758e-05 0.000219405 0 0.000219405 0.000219562
2.44109e-05 0.000225176 0 0.000225176 0.000225336
2.57119e-05 0.000231098 0 0.000231098 0.000231263
2.70822e-05 0.000237177 0 0.000237177 0.000237346
2.85255e-05 0.000243415 0 0.000243415 0.000243588
3.00457e-05 0.000249817 0 0.000249817 0.000249995
3.1647e-05 0.000256387 0 0.000256387 0.00025657
3.33336e-05 0.00026313 0 0.00026313 0.000263318
3.51101e-05 0.000270051 0 0.000270051 0.000270244
3.69812e-05 0.000277154 0 0.000277154 0.000277351
3.89521e-05 0.000284443 0 0.000284443 0.000284646
4.1028e-05 0.000291924 0 0.000291924 0.000292133
4.32146e-05 0.000299602 0 0.000299602 0.000299816
4.55177e-05 0.000307482 0 0.000307482 0.000307701
4.79435e-05 0.000315569 0 0.000315569 0.000315794
5.04986e-05 0.000323869 0 0.000323869 0.0003241
5.31899e-05 0.000332387 0 0.000332387 0.000332624
5.60246e-05 0.00034113 0 0.00034113 0.000341373
5.90104e-05 0.000350102 0 0.000350102 0.000350352
6.21553e-05 0.00035931 0 0.00035931 0.000359566
6.54678e-05 0.00036876 0 0.00036876 0.000369023
6.89568e-05 0.000378459 0 0.000378459 0.000378729
7.26318e-05 0.000388413 0 0.000388413 0.00038869
7.65027e-05 0.000398629 0 0.000398629 0.000398913
8.05798e-05 0.000409113 0 0.000409113 0.000409405
8.48742e-05 0.000419873 0 0.000419873 0.000420172
8.93975e-05 0.000430916 0 0.000430916 0.000431223
9.41619e-05 0.00044225 0 0.00044225 0.000442565
9.91802e-05 0.000453882 0 0.000453882 0.000454205
0.000104466 0.000465819 0 0.000465819 0.000466151
0.000110033 0.000478071 0 0.000478071 0.000478412
0.000115897 0.000490645 0 0.000490645 0.000490995
0.000122074 0.000503549 0 0.000503549 0.000503909
0.00012858 0.000516793 0 0.000516793 0.000517162
0.000135433 0.000530386 0 0.000530386 0.000530764
0.00014265 0.000544335 0 0.000544335 0.000544723
0.000150253 0.000558652 0 0.000558652 0.00055905
0.00015826 0.000573345 0 0.000573345 0.000573754
0.000166695 0.000588425 0 0.000588425 0.000588844
0.000175578 0.000603901 0 0.000603901 0.000604331
0.000184936 0.000619784 0 0.000619784 0.000620226
0.000194792 0.000636086 0 0.000636086 0.000636539
0.000205173 0.000652815 0 0.000652815 0.00065328
0.000216108 0.000669985 0 0.000669985 0.000670463
0.000227625 0.000687607 0 0.000687607 0.000688097
0.000239756 0.000705691 0 0.000705691 0.000706195
0.000252533 0.000724252 0 0.000724252 0.000724769
0.000265992 0.000743301 0 0.000743301 0.000743831
0.000280168 0.00076285 0 0.00076285 0.000763394
0.000295099 0.000782914 0 0.000782914 0.000783472
0.000310826 0.000803506 0 0.000803506 0.000804079
0.000327391 0.000824639 0 0.000824639 0.000825227
0.000344839 0.000846328 0 0.000846328 0.000846931
0.000363217 0.000868588 0 0.000868588 0.000869206
0.000382575 0.000891432 0 0.000891432 0.000892067
0.000402964 0.000914878 0 0.000914878 0.000915529
0.000424439 0.000938941 0 0.000938941 0.00093961
0.000447059 0.000963636 0 0.000963636 0.000964323
0.000470885 0.000988981 0 0.000988981 0.000989686
0.00049598 0.00101499 0 0.00101499 0.00101572
0.000522413 0.00104169 0 0.00104169 0.00104243
0.000550255 0.00106909 0 0.00106909 0.00106985
0.00057958 0.0010972 0 0.0010972 0.00109799
0.000610468 0.00112606 0 0.000965361 0.00112686
0.000643003 0.00115568 0 0.000849573 0.0011565
0.000677271 0.00118607 0 0.000779694 0.00118692
0.000713366 0.00121727 0 0.000727346 0.00121814
0.000751384 0.00124928 0 0.000684302 0.00125017
0.000791428 0.00128214 0 0.000648038 0.00128305
0.000833607 0.00131586 0 0.000615897 0.0013168
0.000878033 0.00135047 0 0.000586635 0.00135144
0.000924827 0.00138599 0 0.000560453 0.00138698
0.000974115 0.00142245 0 0.000537514 0.00142346
0.00102603 0.00145986 0 0.00051646 0.0014609
0.00108071 0.00149825 0 0.000495912 0.00149932
0.00113831 0.00153766 0 0.000477469 0.00153875
0.00119897 0.0015781 0 0.000459721 0.00157923
0.00126287 0.00161961 0 0.000442748 0.00162076
0.00133017 0.00166221 0 0.000428115 0.00166339
0.00140106 0.00170592 0 0.000412893 0.00170714
0.00147573 0.00175079 0 0.000398634 0.00175204
0.00155438 0.00179684 0 0.000386886 0.00179812
0.00163722 0.0018441 0 0.000373205 0.00184541
0.00172447 0.0018926 0 0.000362123 0.00189395
0.00181638 0.00194238 0 0.000350687 0.00194376
0.00191318 0.00199347 0 0.000338931 0.00199488
0.00201514 0.0020459 0 0.000328386 0.00204735
0.00212254 0.00209971 0 0.000319079 0.0021012
0.00223566 0.00215493 0 0.000309545 0.00215646
0.0023548 0.00221161 0 0.000299808 0.00221318
0.0024803 0.00226978 0 0.000291388 0.00227139
0.00261249 0.00232948 0 0.000282811 0.00233113
0.00275172 0.00239075 0 0.000274099 0.00239244
0.00289837 0.00245363 0 0.000266765 0.00245536
0.00305283 0.00251816 0 0.000259332 0.00251995
0.00321553 0.00258439 0 0.000251816 0.00258622
0.0033869 0.00265236 0 0.000244233 0.00265425
0.0035674 0.00272212 0 0.000236597 0.00272405
0.00375752 0.00279372 0 0.000230417 0.0027957
0.00395778 0.0028672 0 0.00022421 0.00286923
0.0041687 0.00294261 0 0.000217987 0.00294469
0.00439087 0.00302001 0 0.00021176 0.00302214
0.00462488 0.00309944 0 0.000205539 0.00310163
0.00487136 0.00318096 0 0.000200828 0.0031832
0.00513097 0.00326462 0 0.000194645 0.00326693
0.00540442 0.00335048 0 0.00018999 0.00335285
0.00569244 0.00343861 0 0.000183878 0.00344103
0.00599582 0.00352905 0 0.000179309 0.00353154
0.00631536 0.00362187 0 0.000174794 0.00362442
0.00665193 0.00371713 0 0.000170339 0.00371975
0.00700644 0.0038149 0 0.000164451 0.00381758
0.00737984 0.00391523 0 0.00016013 0.00391799
0.00777315 0.00401821 0 0.000155885 0.00402104
0.00818741 0.0041239 0 0.000151719 0.0041268
0.00862375 0.00423236 0 0.000147638 0.00423533
0.00908334 0.00434368 0 0.000143645 0.00434673
0.00956743 0.00445793 0 0.000139744 0.00446105
0.0100773 0.00457518 0 0.000135938 0.00457838
0.0106144 0.00469552 0 0.000132229 0.0046988
0.0111801 0.00481902 0 0.000128622 0.00482238
0.0117759 0.00494577 0 0.000125118 0.00494922
0.0124035 0.00507585 0 0.000121719 0.00507939
0.0130645 0.00520936 0 0.000118428 0.00521299
0.0137608 0.00534637 0 0.000116742 0.00535009
0.0144942 0.00548699 0 0.000112176 0.00549081
0.0152666 0.00563131 0 0.000109218 0.00563522
0.0160802 0.00577943 0 0.000106374 0.00578343
0.0169372 0.00593144 0 0.000103645 0.00593554
0.0178399 0.00608745 0 0.000101033 0.00609166
0.0187906 0.00624757 0 9.85373e-05 0.00625187
0.019792 0.00641189 0 9.61602e-05 0.0064163
0.0208468 0.00658054 0 9.39026e-05 0.00658506
0.0219579 0.00675363 0 9.1765e-05 0.00675825
0.0231281 0.00693127 0 8.82483e-05 0.00693601
0.0243607 0.00711358 0 8.63469e-05 0.00711844
0.025659 0.00730069 0 8.45675e-05 0.00730566
0.0270264 0.00749272 0 8.14116e-05 0.00749781
0.0284668 0.0076898 0 7.98695e-05 0.00769501
0.0299839 0.00789207 0 7.69553e-05 0.00789739
0.0315819 0.00809965 0 7.56519e-05 0.0081051
0.033265 0.0083127 0 7.29765e-05 0.00831828
0.0350378 0.00853135 0 7.19125e-05 0.00853706
0.0369051 0.00875576 0 6.94715e-05 0.00876159
0.038872 0.00898607 0 6.71537e-05 0.00899203
0.0409436 0.00922244 0 6.64428e-05 0.00922853
0.0431257 0.00946503 0 6.43546e-05 0.00947125
0.045424 0.009714 0 6.23837e-05 0.00972037
0.0478448 0.00996952 0 6.053e-05 0.00997602
0.0503947 0.0102318 0 5.87908e-05 0.0102384
0.0530804 0.0105009 0 5.71662e-05 0.0105077
0.0559093 0.0107771 0 5.56539e-05 0.010784
0.0588889 0.0110606 0 5.4253e-05 0.0110677
0.0620274 0.0113516 0 5.29643e-05 0.0113588
0.0653331 0.0116502 0 5.17846e-05 0.0116575
0.0688149 0.0119567 0 5.07188e-05 0.0119641
0.0724824 0.0122712 0 4.97625e-05 0.0122788
0.0763453 0.012594 0 4.74153e-05 0.0126017
0.080414 0.0129253 0 4.66693e-05 0.0129332
0.0846996 0.0132653 0 4.60357e-05 0.0132733
0.0892136 0.0136143 0 4.40029e-05 0.0136225
0.0939682 0.0139725 0 4.35779e-05 0.0139807
0.0989761 0.01434 0 4.1751e-05 0.0143485
0.104251 0.0147173 0 4.00371e-05 0.0147258
0.109807 0.0151045 0 3.99063e-05 0.0151131
0.115659 0.0155019 0 3.83848e-05 0.0155106
0.121823 0.0159097 0 3.69653e-05 0.0159186
0.128315 0.0163283 0 3.71384e-05 0.0163373
0.135154 0.0167579 0 3.59033e-05 0.0167669
0.142357 0.0171988 0 3.47674e-05 0.0172079
0.149944 0.0176513 0 3.37254e-05 0.0176605
0.157935 0.0181158 0 3.27753e-05 0.018125
0.166352 0.0185924 0 3.19199e-05 0.0186017
0.175217 0.0190817 0 3.11498e-05 0.019091
0.184555 0.0195838 0 3.04731e-05 0.0195931
0.194391 0.0200991 0 2.98855e-05 0.0201084
0.204751 0.020628 0 2.78867e-05 0.0206373
0.215663 0.0211709 0 2.74652e-05 0.0211801
0.227156 0.021728 0 2.71263e-05 0.0217371
0.239263 0.0222998 0 2.68832e-05 0.0223088
0.252014 0.0228867 0 2.52139e-05 0.0228956
0.265445 0.0234891 0 2.51242e-05 0.0234978
0.279591 0.0241073 0 2.36229e-05 0.0241158
0.294492 0.0247419 0 2.36843e-05 0.0247501
0.310187 0.0253931 0 2.23365e-05 0.025401
0.326718 0.0260616 0 2.25591e-05 0.0260691
0.34413 0.0267476 0 2.13621e-05 0.0267548
0.36247 0.0274518 0 2.17463e-05 0.0274584
0.381787 0.0281745 0 2.06842e-05 0.0281806
0.402134 0.0289163 0 1.97025e-05 0.0289218
0.423566 0.0296777 0 1.8797e-05 0.0296825
0.446139 0.0304591 0 1.94558e-05 0.0304632
0.469916 0.0312612 0 1.86833e-05 0.0312644
0.49496 0.0320845 0 1.79687e-05 0.0320867
0.521338 0.0329295 0 1.73335e-05 0.0329306
0.549123 0.0337969 0 1.67635e-05 0.0337967
0.578388 0.0346871 0 1.62567e-05 0.0346856
0.609212 0.0356009 0 1.58117e-05 0.0355978
0.64168 0.0365388 0 1.54275e-05 0.0365342
0.675877 0.0375016 0 1.51035e-05 0.037495
0.711898 0.0384898 0 1.48576e-05 0.0384812
0.749838 0.0395041 0 1.46562e-05 0.0394933
0.7898 0.0405453 0 1.30263e-05 0.040532
0.831891 0.0416141 0 1.29176e-05 0.041598
0.876226 0.0427111 0 1.28903e-05 0.0426921
0.922924 0.0438373 0 1.29285e-05 0.043815
0.97211 0.0449932 0 1.14973e-05 0.0449673
1.02392 0.0461798 0 1.16172e-05 0.04615
1.07849 0.0473979 0 1.18091e-05 0.0473638
1.13596 0.0486484 0 1.05482e-05 0.0486095
1.1965 0.0499321 0 1.08506e-05 0.049888
1.26027 0.0512498 0 9.70613e-06 0.0512002
1.32744 0.0526026 0 1.00597e-05 0.0525468
1.39818 0.0539914 0 9.04546e-06 0.0539288
1.4727 0.0554171 0 9.48458e-06 0.0553472
1.55118 0.0568808 0 8.5549e-06 0.0568029
1.63385 0.0583835 0 9.088e-06 0.0582969
1.72092 0.0599264 0 8.22941e-06 0.0598301
1.81264 0.0615104 0 8.87077e-06 0.0614037
1.90924 0.0631367 0 8.07135e-06 0.0630187
2.01099 0.0648065 0 7.34316e-06 0.0646761
2.11817 0.066521 0 8.14866e-06 0.0663772
2.23105 0.0682815 0 7.46468e-06 0.068123
2.34996 0.0700892 0 6.84023e-06 0.0699146
2.4752 0.0719454 0 6.26991e-06 0.0717536
2.60711 0.0738515 0 7.21759e-06 0.0736407
2.74605 0.0758089 0 6.67734e-06 0.0755775
2.8924 0.077819 0 6.18185e-06 0.0775653
3.04655 0.0798834 0 5.72627e-06 0.0796053
3.20891 0.0820037 0 5.38692e-06 0.0816989
3.37993 0.0841812 0 5.00752e-06 0.0838477
3.56006 0.0864178 0 4.65582e-06 0.0860529
3.74979 0.0887153 0 5.91717e-06 0.0883161
3.94963 0.0910751 0 5.59997e-06 0.0906388
4.16012 0.0934993 0 5.30464e-06 0.0930226
4.38183 0.0959898 0 5.15049e-06 0.0954691
4.61536 0.0985484 0 4.90848e-06 0.09798
4.86133 0.101177 0 4.81928e-06 0.100557
5.12041 0.103878 0 4.75772e-06 0.103202
5.3933 0.106654 0 4.59867e-06 0.105916
5.68073 0.109506 0 3.07665e-06 0.108701
5.98348 0.112438 0 3.0673e-06 0.11156
