0.00051162 0.0721705 0.904131
0.000562782 0.0888818 0.899996
0.00061906 0.11033 0.894885
0.000680966 0.137352 0.889246
0.000749062 0.170959 0.88339
0.000823969 0.212365 0.877534
0.000906366 0.262905 0.87188
0.000997002 0.32446 0.866435
0.0010967 0.398916 0.861331
0.00120637 0.488558 0.856631
0.00132701 0.596029 0.85238
0.00145971 0.724374 0.848612
0.00160568 0.87708 0.845351
0.00176625 1.05815 0.842609
0.00194288 1.27217 0.840393
0.00213716 1.52438 0.838698
0.00235088 1.82078 0.837515
0.00258597 2.16824 0.836826
0.00284456 2.57459 0.836611
0.00312902 3.04881 0.836843
0.00344192 3.60115 0.837493
0.00378611 4.24335 0.838529
0.00416473 4.98883 0.839918
0.0045812 5.85296 0.841626
0.00503932 6.85331 0.843618
0.00554325 8.01 0.845862
0.00609757 9.34603 0.848325
0.00670733 10.8877 0.850976
0.00737806 12.6652 0.853787
0.00811587 14.7129 0.85673
0.00892746 17.0701 0.85978
0.0098202 19.7817 0.862915
0.0108022 22.8991 0.866113
0.0118824 26.4808 0.869357
0.0130707 30.5935 0.872629
0.0143778 35.3135 0.875916
0.0158155 40.7276 0.879203
0.0173971 46.9343 0.88248
0.0191368 54.0463 0.885736
0.0210505 62.1913 0.888964
0.0231555 71.5146 0.892155
0.0254711 82.1811 0.895303
0.0280182 94.378 0.898404
0.03082 108.317 0.901452
0.033902 124.239 0.904444
0.0372922 142.415 0.907378
0.0410214 163.154 0.910249
0.0451236 186.801 0.913058
0.0496359 213.749 0.915801
0.0545995 244.439 0.918479
0.0600595 279.368 0.921089
0.0660654 319.095 0.923633
0.072672 364.248 0.926108
0.0799392 415.528 0.928517
0.0879331 473.728 0.930858
0.0967264 539.724 0.933133
0.106399 614.503 0.935341
0.117039 699.165 0.937483
0.128743 794.925 0.939561
0.141617 903.145 0.941575
0.155779 1025.33 0.943525
0.171357 1163.15 0.945413
0.188492 1318.44 0.94724
0.207342 1493.23 0.949007
0.228076 1689.77 0.950716
0.250883 1910.52 0.952366
0.275972 2158.15 0.95396
0.303569 2435.62 0.955499
0.333926 2746.16 0.956985
0.367318 3093.25 0.958417
0.40405 3480.7 0.959799
0.444455 3912.64 0.96113
0.488901 4393.54 0.962413
