1.0000000000000000 1
0.9993073435901472 3
0.9986149444135755 3
0.9979228021376458 3
0.9972309164296294 3
0.9965392869567049 3
0.9958479133859599 3
0.9951567953843893 3
0.9944659326188946 3
0.9937753247562853 3
0.9930849714632747 3
0.9923948724064834 3
0.9917050272524360 3
0.9910154356675622 3
0.9903260973181947 3
0.9896370118705705 3
0.9889481789908289 3
0.9882595983450115 3
0.9875712695990622 3
0.9868831924188254 3
0.9861953664700471 1
0.9855077914183721 3
0.9848204669293464 3
0.9841333926684138 3
0.9834465683009178 3
0.9827599934920991 3
0.9820736679070956 3
0.9813875912109432 3
0.9807017630685729 3
0.9800161831448132 3
0.9793308511043853 3
0.9786457666119083 3
0.9779609293318927 3
0.9772763389287441 3
0.9765919950667606 3
0.9759078974101335 3
0.9752240456229451 3
0.9745404393691693 3
0.9738570783126712 3
0.9731739621172061 3
0.9724910904464189 1
0.9718084629638433 3
0.9711260793329020 3
0.9704439392169052 3
0.9697620422790514 3
0.9690803881824251 3
0.9683989765899972 3
0.9677178071646250 3
0.9670368795690495 3
0.9663561934658979 3
0.9656757485176800 3
0.9649955443867902 3
0.9643155807355046 3
0.9636358572259819 3
0.9629563735202626 3
0.9622771292802685 3
0.9615981241678014 3
0.9609193578445425 3
0.9602408299720536 3
0.9595625402117738 3
0.9588844882250215 1
0.9582066736729912 3
0.9575290962167559 3
0.9568517555172633 3
0.9561746512353383 3
0.9554977830316798 3
0.9548211505668612 3
0.9541447535013309 3
0.9534685914954089 3
0.9527926642092890 3
0.9521169713030370 3
0.9514415124365894 3
0.9507662872697544 3
0.9500912954622098 3
0.9494165366735033 3
0.9487420105630514 3
0.9480677167901388 3
0.9473936550139184 3
0.9467198248934096 3
0.9460462260874984 3
0.9453728582549374 1
0.9446997210543431 3
0.9440268141441978 3
0.9433541371828470 3
0.9426816898284993 3
0.9420094717392270 3
0.9413374825729637 3
0.9406657219875041 3
0.9399941896405043 3
0.9393228851894804 3
0.9386518082918073 3
0.9379809586047196 3
0.9373103357853094 3
0.9366399394905269 3
0.9359697693771787 3
0.9352998251019272 3
0.9346301063212917 3
0.9339606126916451 3
0.9332913438692150 3
0.9326222995100820 3
0.9319534792701810 1
0.9312848828052976 3
0.9306165097710700 3
0.9299483598229866 3
0.9292804326163862 3
0.9286127278064575 3
0.9279452450482378 3
0.9272779839966122 3
0.9266109443063142 3
0.9259441256319237 3
0.9252775276278659 3
0.9246111499484129 3
0.9239449922476806 3
0.9232790541796293 3
0.9226133353980626 3
0.9219478355566272 3
0.9212825543088112 3
0.9206174913079442 3
0.9199526462071965 3
0.9192880186595782 3
0.9186236083179388 1
0.9179594148349658 3
0.9172954378631855 3
0.9166316770549595 3
0.9159681320624877 3
0.9153048025378047 3
0.9146416881327798 3
0.9139787884991171 3
0.9133161032883537 3
0.9126536321518598 3
0.9119913747408375 3
0.9113293307063203 3
0.9106674996991722 3
0.9100058813700869 3
0.9093444753695875 3
0.9086832813480256 3
0.9080222989555800 3
0.9073615278422565 3
0.9067009676578875 3
0.9060406180521304 3
0.9053804786744676 1
0.9047205491742049 3
0.9040608292004716 3
0.9034013184022197 3
0.9027420164282225 3
0.9020829229270741 3
0.9014240375471894 3
0.9007653599368017 3
0.9001068897439637 3
0.8994486266165456 3
0.8987905702022350 3
0.8981327201485355 3
0.8974750761027661 3
0.8968176377120610 3
0.8961604046233682 3
0.8955033764834489 3
0.8948465529388765 3
0.8941899336360366 3
0.8935335182211248 3
0.8928773063401477 3
0.8922212976389203 1
0.8915654917630665 3
0.8909098883580182 3
0.8902544870690132 3
0.8895992875410963 3
0.8889442894191172 3
0.8882894923477298 3
0.8876348959713924 3
0.8869804999343652 3
0.8863263038807107 3
0.8856723074542929 3
0.8850185102987761 3
0.8843649120576237 3
0.8837115123740985 3
0.8830583108912604 3
0.8824053072519674 3
0.8817525010988728 3
0.8810998920744254 3
0.8804474798208696 3
0.8797952639802414 3
0.8791432441943720 1
0.8784914201048832 3
0.8778397913531885 3
0.8771883575804912 3
0.8765371184277849 3
0.8758860735358509 3
0.8752352225452592 3
0.8745845650963658 3
0.8739341008293132 3
0.8732838293840292 3
0.8726337504002251 3
0.8719838635173963 3
0.8713341683748208 3
0.8706846646115579 3
0.8700353518664474 3
0.8693862297781100 3
0.8687372979849441 3
0.8680885561251275 3
0.8674400038366140 3
0.8667916407571346 3
0.8661434665241952 1
0.8654954807750763 3
0.8648476831468321 3
0.8642000732762898 3
0.8635526508000477 3
0.8629054153544755 3
0.8622583665757128 3
0.8616115040996679 3
0.8609648275620173 3
0.8603183365982052 3
0.8596720308434415 3
0.8590259099327013 3
0.8583799735007247 3
0.8577342211820147 3
0.8570886526108372 3
0.8564432674212192 3
0.8557980652469491 3
0.8551530457215739 3
0.8545082084784001 3
0.8538635531504914 3
0.8532190793706693 1
0.8525747867715096 3
0.8519306749853442 3
0.8512867436442583 3
0.8506429923800902 3
0.8499994208244303 3
0.8493560286086196 3
0.8487128153637492 3
0.8480697807206593 3
0.8474269243099382 3
0.8467842457619208 3
0.8461417447066883 3
0.8454994207740669 3
0.8448572735936271 3
0.8442153027946813 3
0.8435735080062853 3
0.8429318888572348 3
0.8422904449760664 3
0.8416491759910548 3
0.8410080815302132 3
0.8403671612212911 1
0.8397264146917747 3
0.8390858415688840 3
0.8384454414795737 3
0.8378052140505307 3
0.8371651589081739 3
0.8365252756786524 3
0.8358855639878456 3
0.8352460234613611 3
0.8346066537245338 3
0.8339674544024250 3
0.8333284251198221 3
0.8326895655012359 3
0.8320508751709004 3
0.8314123537527727 3
0.8307740008705299 3
0.8301358161475698 3
0.8294977992070086 3
0.8288599496716806 3
0.8282222671641369 3
0.8275847513066436 1
0.8269474017211814 3
0.8263102180294454 3
0.8256731998528417 3
0.8250363468124882 3
0.8243996585292126 3
0.8237631346235517 3
0.8231267747157500 3
0.8224905784257588 3
0.8218545453732341 3
0.8212186751775378 3
0.8205829674577336 3
0.8199474218325881 3
0.8193120379205684 3
0.8186768153398416 3
0.8180417537082735 3
0.8174068526434272 3
0.8167721117625618 3
0.8161375306826323 3
0.8155031090202870 3
0.8148688463918671 1
0.8142347424134053 3
0.8136007967006250 3
0.8129670088689384 3
0.8123333785334461 3
0.8116999053089351 3
0.8110665888098781 3
0.8104334286504323 3
0.8098004244444379 3
0.8091675758054173 3
0.8085348823465731 3
0.8079023436807879 3
0.8072699594206225 3
0.8066377291783143 3
0.8060056525657773 3
0.8053737291945988 3
0.8047419586760406 3
0.8041103406210357 3
0.8034788746401885 3
0.8028475603437724 3
0.8022163973417289 1
0.8015853852436670 3
0.8009545236588613 3
0.8003238121962505 3
0.7996932504644363 3
0.7990628380716831 3
0.7984325746259144 3
0.7978024597347140 3
0.7971724930053233 3
0.7965426740446404 3
0.7959130024592185 3
0.7952834778552647 3
0.7946540998386389 3
0.7940248680148525 3
0.7933957819890662 3
0.7927668413660901 3
0.7921380457503814 3
0.7915093947460424 3
0.7908808879568210 3
0.7902525249861079 3
0.7896243054369356 1
0.7889962289119773 3
0.7883682950135451 3
0.7877405033435884 3
0.7871128535036939 3
0.7864853450950826 3
0.7858579777186089 3
0.7852307509747594 3
0.7846036644636519 3
0.7839767177850330 3
0.7833499105382775 3
0.7827232423223861 3
0.7820967127359856 3
0.7814703213773252 3
0.7808440678442770 3
0.7802179517343334 3
0.7795919726446066 3
0.7789661301718259 3
0.7783404239123375 3
0.7777148534621022 3
0.7770894184166941 1
0.7764641183712997 3
0.7758389529207150 3
0.7752139216593463 3
0.7745890241812059 3
0.7739642600799128 3
0.7733396289486903 3
0.7727151303803650 3
0.7720907639673640 3
0.7714665293017149 3
0.7708424259750436 3
0.7702184535785724 3
0.7695946117031194 3
0.7689708999390958 3
0.7683473178765057 3
0.7677238651049428 3
0.7671005412135907 3
0.7664773457912198 3
0.7658542784261869 3
0.7652313387064323 3
0.7646085262194797 1
0.7639858405524336 3
0.7633632812919779 3
0.7627408480243744 3
0.7621185403354610 3
0.7614963578106503 3
0.7608743000349280 3
0.7602523665928509 3
0.7596305570685457 3
0.7590088710457069 3
0.7583873081075955 3
0.7577658678370374 3
0.7571445498164211 3
0.7565233536276966 3
0.7559022788523739 3
0.7552813250715207 3
0.7546604918657609 3
0.7540397788152731 3
0.7534191854997889 3
0.7527987114985910 3
0.7521783563905110 1
0.7515581197539287 3
0.7509380011667701 3
0.7503180002065046 3
0.7496981164501447 3
0.7490783494742433 3
0.7484586988548922 3
0.7478391641677206 3
0.7472197449878926 3
0.7466004408901060 3
0.7459812514485908 3
0.7453621762371065 3
0.7447432148289406 3
0.7441243667969073 3
0.7435056317133453 3
0.7428870091501155 3
0.7422684986786002 3
0.7416500998697003 3
0.7410318122938341 3
0.7404136355209345 3
0.7397955691204484 1
0.7391776126613341 3
0.7385597657120593 3
0.7379420278405993 3
0.7373243986144355 3
0.7367068776005531 3
0.7360894643654390 3
0.7354721584750805 3
0.7348549594949626 3
0.7342378669900670 3
0.7336208805248690 3
0.7330039996633363 3
0.7323872239689270 3
0.7317705530045874 3
0.7311539863327501 3
0.7305375235153320 3
0.7299211641137322 3
0.7293049076888305 3
0.7286887538009843 3
0.7280727020100276 3
0.7274567518752686 1
0.7268409029554878 3
0.7262251548089355 3
0.7256095069933298 3
0.7249939590658555 3
0.7243785105831608 3
0.7237631611013555 3
0.7231479101760094 3
0.7225327573621501 3
0.7219177022142600 3
0.7213027442862753 3
0.7206878831315831 3
0.7200731183030200 3
0.7194584493528691 3
0.7188438758328584 3
0.7182293972941580 3
0.7176150132873794 3
0.7170007233625714 3
0.7163865270692188 3
0.7157724239562405 3
0.7151584135719871 1
0.7145444954642379 3
0.7139306691802001 3
0.7133169342665048 3
0.7127032902692061 3
0.7120897367337787 3
0.7114762732051150 3
0.7108628992275229 3
0.7102496143447242 3
0.7096364180998515 3
0.7090233100354462 3
0.7084102896934563 3
0.7077973566152339 3
0.7071845103415330 3
0.7065717504125063 3
0.7059590763677046 3
0.7053464877460724 3
0.7047339840859471 3
0.7041215649250556 3
0.7035092298005124 3
0.7028969782488170 1
0.7022848098058516 3
0.7016727240068777 3
0.7010607203865360 3
0.7004487984788409 3
0.6998369578171802 3
0.6992251979343121 3
0.6986135183623621 3
0.6980019186328211 3
0.6973903982765427 3
0.6967789568237405 3
0.6961675938039859 3
0.6955563087462051 3
0.6949451011786767 3
0.6943339706290298 3
0.6937229166242401 3
0.6931119386906280 3
0.6925010363538563 3
0.6918902091389270 3
0.6912794565701789 3
0.6906687781712849 1
0.6900581734652493 3
0.6894476419744058 3
0.6888371832204130 3
0.6882267967242537 3
0.6876164820062312 3
0.6870062385859667 3
0.6863960659823962 3
0.6857859637137690 3
0.6851759312976430 3
0.6845659682508838 3
0.6839560740896605 3
0.6833462483294442 3
0.6827364904850035 3
0.6821268000704033 3
0.6815171765990010 3
0.6809076195834441 3
0.6802981285356667 3
0.6796887029668875 3
0.6790793423876066 3
0.6784700463076014 1
0.6778608142359261 3
0.6772516456809063 3
0.6766425401501377 3
0.6760334971504819 3
0.6754245161880650 3
0.6748155967682726 3
0.6742067383957487 3
0.6735979405743912 3
0.6729892028073496 3
0.6723805245970222 3
0.6717719054450525 3
0.6711633448523255 3
0.6705548423189666 3
0.6699463973443359 3
0.6693380094270279 3
0.6687296780648656 3
0.6681214027548992 3
0.6675131829934021 3
0.6669050182758680 3
0.6662969080970078 1
0.6656888519507460 3
0.6650808493302178 3
0.6644728997277654 3
0.6638650026349356 3
0.6632571575424756 3
0.6626493639403301 3
0.6620416213176378 3
0.6614339291627285 3
0.6608262869631195 3
0.6602186942055117 3
0.6596111503757871 3
0.6590036549590050 3
0.6583962074393989 3
0.6577888073003717 3
0.6571814540244945 3
0.6565741470935013 3
0.6559668859882863 3
0.6553596701889004 3
0.6547524991745473 3
0.6541453724235802 1
0.6535382894134987 3
0.6529312496209440 3
0.6523242525216967 3
0.6517172975906727 3
0.6511103843019188 3
0.6505035121286104 3
0.6498966805430463 3
0.6492898890166470 3
0.6486831370199491 3
0.6480764240226021 3
0.6474697494933658 3
0.6468631129001049 3
0.6462565137097867 3
0.6456499513884756 3
0.6450434254013313 3
0.6444369352126033 3
0.6438304802856281 3
0.6432240600828245 3
0.6426176740656905 3
0.6420113216947989 1
0.6414050024297935 3
0.6407987157293848 3
0.6401924610513473 3
0.6395862378525137 3
0.6389800455887721 3
0.6383738837150613 3
0.6377677516853679 3
0.6371616489527208 3
0.6365555749691875 3
0.6359495291858708 3
0.6353435110529035 3
0.6347375200194454 3
0.6341315555336782 3
0.6335256170428012 3
0.6329197039930284 3
0.6323138158295829 3
0.6317079519966924 3
0.6311021119375870 3
0.6304962950944923 3
0.6298905009086266 1
0.6292847288201966 3
0.6286789782683919 3
0.6280732486913817 3
0.6274675395263100 3
0.6268618502092906 3
0.6262561801754041 3
0.6256505288586915 3
0.6250448956921512 3
0.6244392801077335 3
0.6238336815363368 3
0.6232280994078021 3
0.6226225331509092 3
0.6220169821933718 3
0.6214114459618325 3
0.6208059238818588 3
0.6202004153779374 3
0.6195949198734704 3
0.6189894367907700 3
0.6183839655510540 3
0.6177785055744408 1
0.6171730562799441 3
0.6165676170854694 3
0.6159621874078072 3
0.6153567666626296 3
0.6147513542644851 3
0.6141459496267929 3
0.6135405521618382 3
0.6129351612807677 3
0.6123297763935841 3
0.6117243969091405 3
0.6111190222351367 3
0.6105136517781125 3
0.6099082849434432 3
0.6093029211353348 3
0.6086975597568181 3
0.6080922002097436 3
0.6074868418947769 3
0.6068814842113920 3
0.6062761265578672 3
0.6056707683312793 1
0.6050654089274977 3
0.6044600477411802 3
0.6038546841657662 3
0.6032493175934716 3
0.6026439474152838 3
0.6020385730209559 3
0.6014331937990002 3
0.6008278091366844 3
0.6002224184200240 3
0.5996170210337781 3
0.5990116163614426 3
0.5984062037852453 3
0.5978007826861398 3
0.5971953524437993 3
0.5965899124366110 3
0.5959844620416709 3
0.5953790006347767 3
0.5947735275904228 3
0.5941680422817938 3
0.5935625440807585 1
0.5929570323578645 3
0.5923515064823308 3
0.5917459658220431 3
0.5911404097435469 3
0.5905348376120412 3
0.5899292487913725 3
0.5893236426440290 3
0.5887180185311333 3
0.5881123758124368 3
0.5875067138463131 3
0.5869010319897515 3
0.5862953295983511 3
0.5856896060263134 3
0.5850838606264362 3
0.5844780927501076 3
0.5838723017472985 3
0.5832664869665563 3
0.5826606477549985 3
0.5820547834583057 3
0.5814488934207150 1
0.5808429769850130 3
0.5802370334925290 3
0.5796310622831282 3
0.5790250626952049 3
0.5784190340656756 3
0.5778129757299714 3
0.5772068870220314 3
0.5766007672742962 3
0.5759946158176996 3
0.5753884319816622 3
0.5747822150940840 3
0.5741759644813370 3
0.5735696794682584 3
0.5729633593781425 3
0.5723570035327340 3
0.5717506112522205 3
0.5711441818552240 3
0.5705377146587950 3
0.5699312089784041 3
0.5693246641279338 1
0.5687180794196722 3
0.5681114541643042 3
0.5675047876709041 3
0.5668980792469278 3
0.5662913281982054 3
0.5656845338289321 3
0.5650776954416622 3
0.5644708123372985 3
0.5638638838150868 3
0.5632569091726063 3
0.5626498877057622 3
0.5620428187087768 3
0.5614357014741818 3
0.5608285352928100 3
0.5602213194537868 3
0.5596140532445216 3
0.5590067359507002 3
0.5583993668562746 3
0.5577919452434567 3
0.5571844703927077 1
0.5565769415827309 3
0.5559693580904618 3
0.5553617191910604 3
0.5547540241579015 3
0.5541462722625665 3
0.5535384627748340 3
0.5529305949626708 3
0.5523226680922234 3
0.5517146814278082 3
0.5511066342319029 3
0.5504985257651368 3
0.5498903552862819 3
0.5492821220522437 3
0.5486738253180508 3
0.5480654643368469 3
0.5474570383598800 3
0.5468485466364937 3
0.5462399884141174 3
0.5456313629382559 3
0.5450226694524801 1
0.5444139071984180 3
0.5438050754157433 3
0.5431961733421666 3
0.5425872002134248 3
0.5419781552632708 3
0.5413690377234646 3
0.5407598468237612 3
0.5401505817919022 3
0.5395412418536039 3
0.5389318262325475 3
0.5383223341503696 3
0.5377127648266494 3
0.5371031174789003 3
0.5364933913225578 3
0.5358835855709696 3
0.5352736994353838 3
0.5346637321249393 3
0.5340536828466531 3
0.5334435508054112 3
0.5328333352039560 1
0.5322230352428753 3
0.5316126501205919 3
0.5310021790333512 3
0.5303916211752104 3
0.5297809757380270 3
0.5291702419114465 3
0.5285594188828918 3
0.5279485058375506 3
0.5273375019583638 3
0.5267264064260142 3
0.5261152184189137 3
0.5255039371131913 3
0.5248925616826817 3
0.5242810912989122 3
0.5236695251310912 3
0.5230578623460947 3
0.5224461021084553 3
0.5218342435803482 3
0.5212222859215796 3
0.5206102282895732 1
0.5199980698393579 3
0.5193858097235547 3
0.5187734470923638 3
0.5181609810935512 3
0.5175484108724357 3
0.5169357355718760 3
0.5163229543322566 3
0.5157100662914745 3
0.5150970705849267 3
0.5144839663454948 3
0.5138707527035326 3
0.5132574287868518 3
0.5126439937207079 3
0.5120304466277866 3
0.5114167866281889 3
0.5108030128394180 3
0.5101891243763638 3
0.5095751203512890 3
0.5089609998738152 3
0.5083467620509063 1
0.5077324059868563 3
0.5071179307832727 3
0.5065033355390616 3
0.5058886193504135 3
0.5052737813107878 3
0.5046588205108967 3
0.5040437360386912 3
0.5034285269793444 3
0.5028131924152365 3
0.5021977314259390 3
0.5015821430881985 3
0.5009664264759212 3
0.5003505806601564 3
0.4997346047090808 3
0.4991184976879820 3
0.4985022586592412 3
0.4978858866823183 3
0.4972693808137337 3
0.4966527401070527 3
0.4960359636128673 1
0.4954190503787806 3
0.4948019994493883 3
0.4941848098662623 3
0.4935674806679327 3
0.4929500108898707 3
0.4923323995644706 3
0.4917146457210321 3
0.4910967483857422 3
0.4904787065816574 3
0.4898605193286852 3
0.4892421856435658 3
0.4886237045398537 3
0.4880050750278989 3
0.4873862961148281 3
0.4867673668045263 3
0.4861482860976169 3
0.4855290529914428 3
0.4849096664800476 3
0.4842901255541551 3
0.4836704292011507 1
0.4830505764050607 3
0.4824305661465326 3
0.4818103974028153 3
0.4811900691477387 3
0.4805695803516929 3
0.4799489299816081 3
0.4793281170009338 3
0.4787071403696174 3
0.4780859990440836 3
0.4774646919772134 3
0.4768432181183220 3
0.4762215764131378 3
0.4755997658037804 3
0.4749777852287389 3
0.4743556336228494 3
0.4737333099172735 3
0.4731108130394751 3
0.4724881419131982 3
0.4718652954584444 3
0.4712422725914489 1
0.4706190722246588 3
0.4699956932667086 3
0.4693721346223972 3
0.4687483951926641 3
0.4681244738745657 3
0.4675003695612509 3
0.4668760811419369 3
0.4662516075018849 3
0.4656269475223754 3
0.4650021000806831 3
0.4643770640500521 3
0.4637518382996706 3
0.4631264216946453 3
0.4625008130959755 3
0.4618750113605277 3
0.4612490153410093 3
0.4606228238859422 3
0.4599964358396361 3
0.4593698500421621 3
0.4587430653293256 1
0.4581160805326390 3
0.4574888944792941 3
0.4568615059921353 3
0.4562339138896305 3
0.4556061169858437 3
0.4549781140904068 3
0.4543499040084905 3
0.4537214855407758 3
0.4530928574834249 3
0.4524640186280517 3
0.4518349677616925 3
0.4512057036667763 3
0.4505762251210939 3
0.4499465308977687 3
0.4493166197652256 3
0.4486864904871601 3
0.4480561418225071 3
0.4474255725254101 3
0.4467947813451889 3
0.4461637670263083 1
0.4455325283083452 3
0.4449010639259569 3
0.4442693726088480 3
0.4436374530817373 3
0.4430053040643247 3
0.4423729242712575 3
0.4417403124120965 3
0.4411074671912820 3
0.4404743873080989 3
0.4398410714566424 3
0.4392075183257827 3
0.4385737265991294 3
0.4379396949549964 3
0.4373054220663651 3
0.4366709066008486 3
0.4360361472206549 3
0.4354011425825497 3
0.4347658913378195 3
0.4341303921322335 3
0.4334946436060058 1
0.4328586443937575 3
0.4322223931244770 3
0.4315858884214821 3
0.4309491289023797 3
0.4303121131790270 3
0.4296748398574903 3
0.4290373075380055 3
0.4283995148149368 3
0.4277614602767357 3
0.4271231425058991 3
0.4264845600789280 3
0.4258457115662845 3
0.4252065955323494 3
0.4245672105353788 3
0.4239275551274610 3
0.4232876278544724 3
0.4226474272560330 3
0.4220069518654620 3
0.4213662002097321 3
0.4207251708094245 1
0.4200838621786825 3
0.4194422728251655 3
0.4188004012500015 3
0.4181582459477402 3
0.4175158054063052 3
0.4168730781069458 3
0.4162300625241881 3
0.4155867571257864 3
0.4149431603726724 3
0.4142992707189068 3
0.4136550866116275 3
0.4130106064909992 3
0.4123658287901610 3
0.4117207519351757 3
0.4110753743449760 3
0.4104296944313124 3
0.4097837105986988 3
0.4091374212443597 3
0.4084908247581736 3
0.4078439195226199 1
0.4071967039127220 3
0.4065491762959918 3
0.4059013350323719 3
0.4052531784741796 3
0.4046047049660478 3
0.4039559128448673 3
0.4033068004397274 3
0.4026573660718564 3
0.4020076080545612 3
0.4013575246931666 3
0.4007071142849538 3
0.4000563751190982 3
0.3994053054766071 3
0.3987539036302560 3
0.3981021678445245 3
0.3974500963755322 3
0.3967976874709731 3
0.3961449393700496 3
0.3954918503034062 3
0.3948384184930615 1
0.3941846421523415 3
0.3935305194858092 3
0.3928760486891971 3
0.3922212279493354 3
0.3915660554440823 3
0.3909105293422516 3
0.3902546478035411 3
0.3895984089784592 3
0.3889418110082510 3
0.3882848520248238 3
0.3876275301506715 3
0.3869698434987989 3
0.3863117901726441 3
0.3856533682660011 3
0.3849945758629408 3
0.3843354110377322 3
0.3836758718547608 3
0.3830159563684492 3
0.3823556626231734 3
0.3816949886531807 1
0.3810339324825057 3
0.3803724921248855 3
0.3797106655836742 3
0.3790484508517561 3
0.3783858459114582 3
0.3777228487344620 3
0.3770594572817135 3
0.3763956695033334 3
0.3757314833385250 3
0.3750668967154823 3
0.3744019075512964 3
0.3737365137518607 3
0.3730707132117757 3
0.3724045038142522 3
0.3717378834310135 3
0.3710708499221971 3
0.3704034011362541 3
0.3697355349098486 3
0.3690672490677557 3
0.3683985414227572 1
0.3677294097755387 3
0.3670598519145825 3
0.3663898656160611 3
0.3657194486437294 3
0.3650485987488151 3
0.3643773136699081 3
0.3637055911328487 3
0.3630334288506137 3
0.3623608245232034 3
0.3616877758375243 3
0.3610142804672723 3
0.3603403360728147 3
0.3596659403010697 3
0.3589910907853850 3
0.3583157851454155 3
0.3576400209869983 3
0.3569637959020278 3
0.3562871074683279 3
0.3556099532495235 3
0.3549323307949101 1
0.3542542376393222 3
0.3535756713029994 3
0.3528966292914521 3
0.3522171090953241 3
0.3515371081902547 3
0.3508566240367389 3
0.3501756540799847 3
0.3494941957497710 3
0.3488122464603014 3
0.3481298036100576 3
0.3474468645816506 3
0.3467634267416698 3
0.3460794874405310 3
0.3453950440123215 3
0.3447100937746437 3
0.3440246340284573 3
0.3433386620579187 3
0.3426521751302187 3
0.3419651704954181 3
0.3412776453862815 1
0.3405895970181084 3
0.3399010225885629 3
0.3392119192775004 3
0.3385222842467931 3
0.3378321146401517 3
0.3371414075829469 3
0.3364501601820265 3
0.3357583695255317 3
0.3350660326827103 3
0.3343731467037271 3
0.3336797086194727 3
0.3329857154413692 3
0.3322911641611738 3
0.3315960517507788 3
0.3309003751620107 3
0.3302041313264245 3
0.3295073171550969 3
0.3288099295384164 3
0.3281119653458698 3
0.3274134214258266 1
0.3267142946053207 3
0.3260145816898280 3
0.3253142794630421 3
0.3246133846866465 3
0.3239118941000838 3
0.3232098044203214 3
0.3225071123416146 3
0.3218038145352656 3
0.3210999076493801 3
0.3203953883086196 3
0.3196902531139511 3
0.3189844986423926 3
0.3182781214467555 3
0.3175711180553831 3
0.3168634849718853 3
0.3161552186748703 3
0.3154463156176712 3
0.3147367722280702 3
0.3140265849080173 3
0.3133157500333462 1
0.3126042639534859 3
0.3118921229911670 3
0.3111793234421257 3
0.3104658615748013 3
0.3097517336300316 3
0.3090369358207413 3
0.3083214643316284 3
0.3076053153188439 3
0.3068884849096679 3
0.3061709692021804 3
0.3054527642649278 3
0.3047338661365830 3
0.3040142708256028 3
0.3032939743098774 3
0.3025729725363766 3
0.3018512614207897 3
0.3011288368471604 3
0.3004056946675157 3
0.2996818307014891 3
0.2989572407359389 1
0.2982319205245590 3
0.2975058657874853 3
0.2967790722108947 3
0.2960515354465992 3
0.2953232511116316 3
0.2945942147878273 3
0.2938644220213970 3
0.2931338683224944 3
0.2924025491647762 3
0.2916704599849553 3
0.2909375961823467 3
0.2902039531184064 3
0.2894695261162624 3
0.2887343104602386 3
0.2879983013953707 3
0.2872614941269143 3
0.2865238838198447 3
0.2857854655983486 3
0.2850462345453077 3
0.2843061857017737 1
0.2835653140664336 3
0.2828236145950677 3
0.2820810821999971 3
0.2813377117495229 3
0.2805934980673550 3
0.2798484359320321 3
0.2791025200763315 3
0.2783557451866681 3
0.2776081059024844 3
0.2768595968156293 3
0.2761102124697257 3
0.2753599473595278 3
0.2746087959302672 3
0.2738567525769870 3
0.2731038116438647 3
0.2723499674235230 3
0.2715952141563283 3
0.2708395460296765 3
0.2700829571772666 3
0.2693254416783613 1
0.2685669935570328 3
0.2678076067813974 3
0.2670472752628341 3
0.2662859928551898 3
0.2655237533539700 3
0.2647605504955144 3
0.2639963779561571 3
0.2632312293513719 3
0.2624650982349007 3
0.2616979780978660 3
0.2609298623678676 3
0.2601607444080603 3
0.2593906175162157 3
0.2586194749237657 3
0.2578473097948278 3
0.2570741152252108 3
0.2562998842414027 3
0.2555246097995373 3
0.2547482847843430 3
0.2539709020080683 1
0.2531924542093881 3
0.2524129340522877 3
0.2516323341249246 3
0.2508506469384681 3
0.2500678649259149 3
0.2492839804408812 3
0.2484989857563710 3
0.2477128730635182 3
0.2469256344703043 3
0.2461372620002483 3
0.2453477475910713 3
0.2445570830933320 3
0.2437652602690351 3
0.2429722707902092 3
0.2421781062374560 3
0.2413827580984685 3
0.2405862177665176 3
0.2397884765389065 3
0.2389895256153922 3
0.2381893560965729 1
0.2373879589822403 3
0.2365853251696965 3
0.2357814454520338 3
0.2349763105163766 3
0.2341699109420850 3
0.2333622371989182 3
0.2325532796451565 3
0.2317430285256823 3
0.2309314739700169 3
0.2301186059903128 3
0.2293044144793012 3
0.2284888892081916 3
0.2276720198245232 3
0.2268537958499669 3
0.2260342066780762 3
0.2252132415719850 3
0.2243908896620514 3
0.2235671399434465 3
0.2227419812736846 3
0.2219154023700957 1
0.2210873918072359 3
0.2127259237292062 1
0.2042075505555416 3
0.1955180044810400 3
0.1866408010413642 3
0.1775567015580577 3
0.1682429924202071 1
0.1586724977190238 3
0.1488121922774613 3
0.1386211951323686 3
0.1280477629205644 3
0.1170245881582154 1
0.1054610458369938 3
0.0932295083920589 3
0.0801389029444907 3
0.0658766678990365 3
0.0498536616505073 1
0.0306091438815230 3
0.0078125000000000 1
