1.0000000000000000 1
0.9965392869567047 3
0.9930849714632746 3
0.9896370118705702 3
0.9861953664700466 3
0.9827599934920983 3
0.9793308511043847 3
0.9759078974101327 3
0.9724910904464178 3
0.9690803881824240 3
0.9656757485176791 3
0.9622771292802673 3
0.9588844882250198 3
0.9554977830316781 3
0.9521169713030351 3
0.9487420105630495 3
0.9453728582549357 3
0.9420094717392252 3
0.9386518082918053 3
0.9352998251019251 3
0.9319534792701786 1
0.9286127278064550 3
0.9252775276278632 3
0.9219478355566244 3
0.9186236083179360 3
0.9153048025378018 3
0.9119913747408346 3
0.9086832813480223 3
0.9053804786744641 3
0.9020829229270707 3
0.8987905702022315 3
0.8955033764834454 3
0.8922212976389164 3
0.8889442894191133 3
0.8856723074542888 3
0.8824053072519634 3
0.8791432441943677 3
0.8758860735358467 3
0.8726337504002206 3
0.8693862297781054 3
0.8661434665241904 1
0.8629054153544710 3
0.8596720308434366 3
0.8564432674212146 3
0.8532190793706641 3
0.8499994208244251 3
0.8467842457619156 3
0.8435735080062798 3
0.8403671612212856 3
0.8371651589081682 3
0.8339674544024194 3
0.8307740008705240 3
0.8275847513066374 3
0.8243996585292067 3
0.8212186751775318 3
0.8180417537082671 3
0.8148688463918607 3
0.8116999053089288 3
0.8085348823465666 3
0.8053737291945923 3
0.8022163973417221 1
0.7990628380716761 3
0.7959130024592115 3
0.7927668413660831 3
0.7896243054369285 3
0.7864853450950753 3
0.7833499105382701 3
0.7802179517343260 3
0.7770894184166867 3
0.7739642600799049 3
0.7708424259750356 3
0.7677238651049348 3
0.7646085262194717 3
0.7614963578106421 3
0.7583873081075874 3
0.7552813250715124 3
0.7521783563905026 3
0.7490783494742349 3
0.7459812514485823 3
0.7428870091501067 3
0.7397955691204395 1
0.7367068776005441 3
0.7336208805248600 3
0.7305375235153229 3
0.7274567518752595 3
0.7243785105831515 3
0.7213027442862658 3
0.7182293972941486 3
0.7151584135719776 3
0.7120897367337691 3
0.7090233100354364 3
0.7059590763676947 3
0.7028969782488071 3
0.6998369578171701 3
0.6967789568237303 3
0.6937229166242297 3
0.6906687781712746 3
0.6876164820062208 3
0.6845659682508731 3
0.6815171765989901 3
0.6784700463075907 1
0.6754245161880541 3
0.6723805245970113 3
0.6693380094270169 3
0.6662969080969966 3
0.6632571575424641 3
0.6602186942055002 3
0.6571814540244830 3
0.6541453724235685 3
0.6511103843019072 3
0.6480764240225901 3
0.6450434254013194 3
0.6420113216947868 3
0.6389800455887598 3
0.6359495291858583 3
0.6329197039930161 3
0.6298905009086143 3
0.6268618502092783 3
0.6238336815363242 3
0.6208059238818461 3
0.6177785055744281 1
0.6147513542644725 3
0.6117243969091278 3
0.6086975597568052 3
0.6056707683312663 3
0.6026439474152708 3
0.5996170210337651 3
0.5965899124365979 3
0.5935625440807454 3
0.5905348376120280 3
0.5875067138462998 3
0.5844780927500942 3
0.5814488934207017 3
0.5784190340656622 3
0.5753884319816488 3
0.5723570035327207 3
0.5693246641279203 3
0.5662913281981918 3
0.5632569091725925 3
0.5602213194537731 3
0.5571844703926938 1
0.5541462722625526 3
0.5511066342318889 3
0.5480654643368328 3
0.5450226694524660 3
0.5419781552632568 3
0.5389318262325334 3
0.5358835855709554 3
0.5328333352039417 3
0.5297809757380125 3
0.5267264064259998 3
0.5236695251310766 3
0.5206102282895586 3
0.5175484108724211 3
0.5144839663454801 3
0.5114167866281741 3
0.5083467620508915 3
0.5052737813107728 3
0.5021977314259238 3
0.4991184976879668 3
0.4960359636128523 1
0.4929500108898555 3
0.4898605193286700 3
0.4867673668045110 3
0.4836704292011354 3
0.4805695803516774 3
0.4774646919771978 3
0.4743556336228338 3
0.4712422725914333 3
0.4681244738745499 3
0.4650021000806673 3
0.4618750113605118 3
0.4587430653293095 3
0.4556061169858277 3
0.4524640186280355 3
0.4493166197652094 3
0.4461637670262919 3
0.4430053040643083 3
0.4398410714566259 3
0.4366709066008320 3
0.4334946436059891 1
0.4303121131790102 3
0.4271231425058822 3
0.4239275551274440 3
0.4207251708094073 3
0.4175158054062881 3
0.4142992707188896 3
0.4110753743449587 3
0.4078439195226024 3
0.4046047049660302 3
0.4013575246931489 3
0.3981021678445067 3
0.3948384184930436 3
0.3915660554440643 3
0.3882848520248056 3
0.3849945758629226 3
0.3816949886531624 3
0.3783858459114398 3
0.3750668967154638 3
0.3717378834309948 3
0.3683985414227384 1
0.3650485987487962 3
0.3616877758375052 3
0.3583157851453963 3
0.3549323307948908 3
0.3515371081902354 3
0.3481298036100380 3
0.3447100937746240 3
0.3412776453862618 3
0.3378321146401317 3
0.3343731467037070 3
0.3309003751619904 3
0.3274134214258063 3
0.3239118941000633 3
0.3203953883085989 3
0.3168634849718645 3
0.3133157500333252 3
0.3097517336300104 3
0.3061709692021591 3
0.3025729725363551 3
0.2989572407359172 1
0.2953232511116098 3
0.2916704599849334 3
0.2879983013953485 3
0.2843061857017513 3
0.2805934980673325 3
0.2768595968156066 3
0.2731038116438417 3
0.2693254416783381 3
0.2655237533539467 3
0.2616979780978425 3
0.2578473097948041 3
0.2539709020080443 3
0.2500678649258906 3
0.2461372620002238 3
0.2421781062374312 3
0.2381893560965479 3
0.2341699109420598 3
0.2301186059902874 3
0.2260342066780506 3
0.2219154023700698 1
0.2007531412719130 1
0.1784750379630633 3
0.1547652396714781 3
0.1291240833803707 3
0.1006574616310328 3
0.0673689193463921 1
0.0210079514826487 3
0.0078125000000000 1
