0.301302 250.188 0 250.188
0.307328 252.678 0.924072 209.906
0.313474 255.194 1.21423 199.399
0.319744 257.735 1.51269 188.67
0.326139 260.301 1.6887 183.793
0.332662 262.892 1.87057 178.776
0.339315 265.51 2.18737 167.602
0.346101 268.153 2.25078 168.363
0.353023 270.823 2.44848 162.991
0.360084 273.52 2.65077 157.526
0.367285 276.243 2.85724 151.983
0.374631 278.993 2.93824 152.4
0.382124 281.771 3.15371 146.686
0.389766 284.577 3.37246 140.926
0.397561 287.41 3.4663 141.116
0.405513 290.272 3.69307 135.227
0.413623 293.162 3.7947 135.298
0.421895 296.082 4.02891 129.305
0.430333 299.03 4.13848 129.26
0.43894 302.008 4.25082 129.197
0.447719 305.015 4.49707 123.034
0.456673 308.052 4.61759 122.858
0.465807 311.121 4.74109 122.664
0.475123 314.219 4.9986 116.373
0.484625 317.348 5.13047 116.071
0.494318 320.508 5.26553 115.751
0.504204 323.7 5.53334 109.378
0.514288 326.924 5.6769 108.958
0.524574 330.179 5.82383 108.519
0.535065 333.468 5.9742 108.062
0.545767 336.789 6.12808 107.584
0.556682 340.143 6.41548 101.04
0.567816 343.532 6.57819 100.475
0.579172 346.953 6.74459 99.89
0.590755 350.409 6.91474 99.2879
0.60257 353.899 7.08873 98.6662
0.614622 357.425 7.26663 98.0274
0.626914 360.984 7.44849 97.3692
0.639453 364.581 7.76431 90.6488
0.652242 368.212 7.95547 89.9196
0.665286 371.881 8.15078 89.1751
0.678592 375.585 8.35032 88.413
0.692164 379.327 8.55416 87.6361
0.706007 383.105 8.76239 86.8418
0.720127 386.922 8.97507 86.0332
0.73453 390.776 9.19228 85.2077
0.749221 394.67 9.41411 84.3685
0.764205 398.603 9.64064 83.5143
0.779489 402.574 9.87194 82.6441
0.795079 406.585 10.1081 81.761
0.81098 410.637 10.3492 80.864
0.8272 414.728 10.5953 79.9517
0.843744 418.861 10.8466 79.0278
0.860619 423.036 11.103 78.091
0.877831 427.25 11.3648 77.1399
0.895388 431.508 11.6319 76.1784
0.913296 435.809 11.9045 75.2052
0.931562 440.153 12.1827 74.2207
0.950193 444.539 12.4665 73.2235
0.969197 448.97 12.7561 72.2177
0.988581 453.445 13.0516 71.202
1.00835 457.965 13.353 70.1769
1.02852 462.531 13.6605 69.1428
1.04909 467.14 13.9742 68.0982
1.07007 471.797 14.2941 67.0477
1.09147 476.5 14.6205 65.9899
1.1133 481.251 14.9533 64.9251
1.13557 486.05 15.2928 63.854
1.15828 490.896 15.6389 62.7772
1.18145 495.791 15.992 61.6951
1.20507 500.735 16.352 60.6084
1.22918 505.725 16.7191 59.5153
1.25376 510.769 17.0934 58.421
1.27883 515.862 17.475 57.324
1.30441 521.007 17.8642 56.2247
1.3305 526.203 18.2609 55.1237
1.35711 531.452 18.6654 54.0217
1.38425 536.753 19.0778 52.9192
1.41194 542.107 19.3699 57.8161
1.44018 547.514 19.8 56.6683
1.46898 552.976 20.2385 55.5196
1.49836 558.493 20.6856 54.3708
1.52833 564.065 21.1413 53.2224
1.55889 569.693 21.606 52.075
1.59007 575.377 22.0797 50.9295
1.62187 581.118 22.5626 49.7863
1.65431 586.917 23.0549 48.6462
1.68739 592.774 23.5568 47.5097
1.72114 598.693 24.0684 46.3811
1.75557 604.668 24.5899 45.2541
1.79068 610.704 24.9936 50.1153
1.82649 616.799 25.5378 48.9302
1.86302 622.956 26.0926 47.7498
1.90028 629.175 26.6581 46.5748
1.93829 635.457 27.2346 45.4059
1.97705 641.801 27.8223 44.2437
2.01659 648.213 28.4214 43.093
2.05692 654.686 29.0321 41.9464
2.09806 661.224 29.6547 40.8085
2.14002 667.827 30.2893 39.68
2.18283 674.497 30.809 44.5259
2.22648 681.234 31.4715 43.3279
2.27101 688.044 32.1468 42.1438
2.31643 694.917 32.8352 40.9651
2.36276 701.86 33.5371 39.797
2.41002 708.872 34.2525 38.6401
2.45822 715.96 34.982 37.4998
2.50738 723.115 35.7256 36.3673
2.55753 730.342 36.4837 35.2479
2.60868 737.641 37.1297 40.0954
2.66085 745.014 37.9211 38.8956
2.71407 752.467 38.7281 37.7144
2.76835 759.99 39.5507 36.5417
2.82372 767.589 40.3894 35.3833
2.88019 775.27 41.2446 34.2457
2.9378 783.023 42.1164 33.118
2.99655 790.854 43.0054 32.0064
3.05648 798.771 43.7832 36.9209
3.11761 806.762 44.7114 35.7183
3.17996 814.833 45.6579 34.532
3.24356 822.986 46.6228 33.3625
3.30843 831.228 47.6067 32.2175
3.3746 839.547 48.61 31.0839
3.4421 847.957 49.6331 29.9758
3.51094 856.446 50.6763 28.8803
3.58116 865.02 51.7401 27.8042
3.65278 873.689 52.7003 32.6395
3.72583 882.438 53.8112 31.4607
3.80035 891.276 54.9441 30.3019
3.87636 900.212 56.0993 29.1717
3.95389 909.231 57.2775 28.055
4.03296 918.349 58.479 26.9678
4.11362 927.552 59.7044 25.8951
4.1959 936.849 60.9541 24.8446
4.27981 946.249 62.1047 29.6915
4.36541 955.736 63.4099 28.5259
4.45272 965.328 64.7411 27.3925
4.54177 975.009 66.0989 26.2743
4.63261 984.789 67.4837 25.1799
4.72526 994.679 68.8962 24.12
4.81976 1004.66 70.337 23.0753
4.91616 1014.75 71.678 28.074
5.01448 1024.94 73.183 26.9001
5.11477 1035.24 74.7181 25.7626
5.21707 1045.63 76.284 24.6415
5.32141 1056.15 77.8813 23.5577
5.42784 1066.75 79.5108 22.4908
5.53639 1077.48 81.1731 21.462
5.64712 1088.31 82.869 20.4503
5.76006 1099.26 84.4716 25.4534
5.87527 1110.31 86.2433 24.2975
5.99277 1121.49 88.0507 23.1825
6.11263 1132.77 89.8946 22.0856
6.23488 1144.18 91.7759 21.0306
6.35958 1155.7 93.6954 19.9937
6.48677 1167.34 95.6539 18.9996
6.6165 1179.09 97.6524 18.0231
6.74883 1190.98 99.5652 23.0271
6.88381 1202.98 101.653 21.89
7.02149 1215.11 103.784 20.7995
7.16192 1227.36 105.958 19.7275
7.30515 1239.75 108.176 18.7034
7.45126 1252.25 110.44 17.697
7.60028 1264.89 112.75 16.7396
7.75229 1277.67 115.108 15.8145
7.90733 1290.57 117.389 20.8067
8.06548 1303.61 119.853 19.7037
8.22679 1316.78 122.367 18.6207
8.39133 1330.1 124.933 17.5906
8.55915 1343.54 127.553 16.5791
8.73034 1357.14 130.226 15.6218
8.90494 1370.88 132.954 14.6998
9.08304 1384.75 135.74 13.7963
9.2647 1398.78 138.459 18.8179
9.45 1412.94 141.37 17.7136
9.639 1427.27 144.341 16.669
9.83178 1441.75 147.374 15.6633
10.0284 1456.36 150.471 14.6782
10.229 1471.15 153.632 13.7521
10.4336 1486.07 156.859 12.8433
10.6422 1501.17 160.154 11.9958
10.8551 1516.43 163.394 17.0519
11.0722 1531.84 166.838 15.9573
11.2936 1547.42 170.355 14.9293
11.5195 1563.18 173.945 13.944
11.7499 1579.08 177.611 12.9798
11.9849 1595.17 181.354 12.0817
12.2246 1611.43 185.177 11.2248
12.4691 1627.84 189.08 10.387
12.7185 1644.46 192.941 15.5126
12.9728 1661.25 197.023 14.4428
13.2323 1678.2 201.191 13.3983
13.4969 1695.35 205.447 12.4268
13.7669 1712.67 209.794 11.4744
14.0422 1730.2 214.234 10.5993
14.323 1747.92 218.768 9.76908
14.6095 1765.83 223.4 8.98302
14.9017 1783.9 228.003 14.2026
15.1997 1802.21 232.848 13.1245
15.5037 1820.71 237.797 12.0999
15.8138 1839.39 242.852 11.1011
16.1301 1858.3 248.015 10.1857
16.4527 1877.41 253.29 9.32103
16.7817 1896.71 258.679 8.47664
17.1174 1916.25 264.184 7.71549
17.4597 1936.01 269.809 7.00154
17.8089 1955.95 275.438 12.0192
18.1651 1976.15 281.324 10.9759
18.5284 1996.57 287.338 9.99251
18.8989 2017.19 293.483 9.03029
19.2769 2038.07 299.763 8.17005
19.6625 2059.19 306.179 7.36554
20.0557 2080.54 312.736 6.61548
20.4568 2102.1 319.438 5.88194
20.866 2123.94 326.161 11.1778
21.2833 2146.02 333.178 10.0826
21.709 2168.36 340.349 9.05819
22.1431 2190.91 347.678 8.06775
22.586 2213.76 355.169 7.18762
23.0377 2236.87 362.826 6.37266
23.4985 2260.2 370.654 5.57776
23.9684 2283.85 378.656 4.89631
24.4478 2307.77 386.837 4.27278
24.9368 2331.97 395.083 9.38651
25.4355 2356.4 403.655 8.23712
25.9442 2381.17 412.417 7.22639
26.4631 2406.22 421.376 6.29772
26.9924 2431.57 430.536 5.449
27.5322 2457.17 439.904 4.63407
28.0828 2483.13 449.483 3.94811
28.6445 2509.39 459.28 3.33191
29.2174 2535.97 469.301 2.78255
29.8017 2562.81 479.444 7.57662
30.3978 2590.04 489.951 6.44038
31.0057 2617.59 500.696 5.41278
31.6258 2645.4 511.687 4.43077
32.2584 2673.64 522.93 3.62948
32.9035 2702.21 534.432 2.92293
33.5616 2731.13 546.2 2.3075
34.2328 2760.35 558.242 1.7195
34.9175 2790.01 570.448 6.91715
35.6158 2820.03 583.09 5.51647
36.3282 2850.42 596.024 4.27836
37.0547 2881.14 609.258 3.15154
37.7958 2912.32 622.8 2.25643
38.5517 2943.89 636.66 1.50555
39.3228 2975.81 650.847 0.845856
40.1092 3008.23 665.372 0.414706
40.9114 3041.05 680.122 5.91265
41.7296 3074.4 695.409 3.87656
42.5642 3108.18 711.049 2.10752
43.4155 3142.31 727.055 0.531955
44.2838 3177.64 743.439 0
45.1695 3213.68 760.215 0
46.0729 3249.9 777.397 0
46.9943 3286.31 795.001 0
47.9342 3322.93 813.045 0
48.8929 3359.77 831.45 5.11873
49.8708 3396.76 850.557 0
50.8682 3438.97 870.092 0
51.8856 3481.26 890.07 0
52.9233 3523.61 910.508 0
53.9817 3566.02 931.424 0
55.0614 3608.48 952.837 0
56.1626 3650.97 974.771 0
57.2858 3693.49 997.25 0
58.4316 3736.02 1020.3 0
59.6002 3778.56 1043.96 0
60.7922 3821.09 1068.27 0
62.008 3863.61 1093.29 0
63.2482 3906.13 1119.06 4.04866
64.5132 3958.06 1146.01 0
65.8034 4014.34 1173.54 0
67.1195 4070.89 1201.67 0
68.4619 4127.68 1230.4 0
69.8311 4184.69 1259.77 0
71.2277 4241.89 1289.77 0
72.6523 4299.25 1320.44 0
74.1053 4356.74 1351.8 0
75.5874 4414.33 1383.86 0
77.0992 4471.98 1416.66 0
78.6412 4529.65 1450.23 0
80.214 4587.31 1484.59 0
81.8183 4644.92 1519.79 0
83.4547 4702.43 1555.86 0
85.1237 4759.8 1592.86 0
86.8262 4816.98 1630.85 0
88.5627 4873.93 1669.87 0
90.334 4930.59 1710.03 0
92.1407 4986.92 1751.42 0
93.9835 5042.84 1794.17 0
95.8632 5098.32 1838.46 0
97.7804 5153.29 1884.6 0
99.736 5217.74 1933.49 0
101.731 5306.46 1984.55 0
103.765 5396.32 2036.83 0
105.841 5487.32 2090.36 0
107.957 5579.46 2145.16 0
110.117 5672.73 2201.25 0
112.319 5767.13 2258.66 0
114.565 5862.64 2317.42 0
116.857 5959.26 2377.56 0
119.194 6056.98 2439.1 0
121.578 6155.79 2502.06 0
124.009 6255.68 2566.49 0
126.489 6356.62 2632.4 0
129.019 6458.6 2699.83 0
131.6 6561.61 2768.81 0
134.232 6665.62 2839.38 0
136.916 6770.62 2911.55 0
139.655 6876.56 2985.38 0
142.448 6983.44 3060.89 0
145.297 7091.21 3138.13 0
148.203 7199.86 3217.13 0
151.167 7309.33 3297.93 0
154.19 7419.6 3380.58 0
157.274 7530.62 3465.13 0
160.419 7642.36 3551.62 0
163.628 7754.76 3640.1 0
166.9 7867.77 3730.63 0
170.238 7981.34 3823.28 0
173.643 8095.42 3918.1 0
177.116 8209.93 4015.17 0
180.658 8324.83 4114.56 0
184.271 8440.02 4216.36 0
187.957 8555.45 4320.66 0
191.716 8671.03 4427.56 0
195.55 8786.68 4537.18 0
199.461 8902.31 4649.64 0
203.45 9017.83 4765.08 0
207.519 9133.12 4883.66 0
211.67 9248.1 5005.57 0
215.903 9362.64 5131 0
220.221 9476.62 5260.21 0
224.626 9589.93 5393.47 0
229.118 9702.42 5531.1 0
233.7 9813.96 5673.51 0
238.374 9924.39 5821.17 0
243.142 10033.6 5974.7 0
248.005 10141.3 6134.93 0
252.965 10247.5 6303.08 0
258.024 10351.8 6481.44 0
263.185 10527.4 6675.31 0
268.448 10737.9 6876.56 0
273.817 10952.7 7083.89 0
279.294 11171.7 7297.46 0
284.88 11395.2 7517.48 0
290.577 11623.1 7744.13 0
296.389 11855.5 7977.61 0
302.316 12092.6 8218.13 0
308.363 12334.5 8465.9 0
314.53 12581.2 8721.15 0
320.821 12832.8 8984.08 0
327.237 13089.5 9254.95 0
333.782 13351.3 9533.98 0
340.457 13618.3 9821.43 0
347.267 13890.6 10117.5 0
354.212 14168.5 10422.6 0
361.296 14451.8 10736.8 0
368.522 14740.9 11060.5 0
375.892 15035.7 11394 0
383.41 15336.4 11737.5 0
391.079 15643.1 12091.4 0
398.9 15956 12455.9 0
406.878 16275.1 12831.5 0
415.016 16600.6 13218.3 0
423.316 16932.6 13616.9 0
431.782 17271.3 14027.4 0
440.418 17616.7 14450.3 0
449.226 17969 14886 0
458.211 18328.4 15334.8 0
467.375 18695 15797.1 0
476.723 19068.9 16273.4 0
486.257 19450.3 16764.1 0
495.982 19839.3 17269.5 0
505.902 20236 17790.2 0
516.02 20640.8 18326.5 0
526.34 21053.6 18879.1 0
536.867 21474.7 19448.2 0
547.604 21904.1 20034.6 0
558.556 22342.2 20638.6 0
569.728 22789.1 21260.9 0
581.122 23244.9 21901.9 0
592.745 23709.8 22562.2 0
604.599 24183.9 23242.5 0
616.691 24667.6 23943.2 0
629.025 25161 24665.1 0
641.606 25664.2 25408.7 0
654.438 26177.5 26174.8 0
667.527 26701 26963.9 0
680.877 27235.1 27776.9 0
694.495 27779.8 28614.3 0
708.385 28335.3 29477.1 0
722.552 28902.1 30365.8 0
737.003 29480.1 31281.3 0
751.743 30069.7 32224.4 0
766.778 30671.1 33196 0
782.114 31284.5 34196.8 0
797.756 31910.2 35227.8 0
813.711 32548.4 36289.9 0
829.985 33199.4 37384 0
846.585 33863.4 38511.1 0
863.517 34540.6 39672.2 0
880.787 35231.4 40868.3 0
898.403 35936.1 42100.5 0
916.371 36654.8 43369.8 0
934.698 37387.9 44677.4 0
953.392 38135.6 46024.4 0
972.46 38898.4 47412 0
991.909 39676.3 48841.4 0
1011.75 40469.9 50314 0
1031.98 41279.2 51830.9 0
1052.62 42104.8 53393.6 0
1073.67 42946.9 55003.4 0
1095.15 43805.9 56661.7 0
1117.05 44682 58370 0
1139.39 45575.6 60129.9 0
1162.18 46487.1 61942.8 0
1185.42 47416.9 63810.3 0
1209.13 48365.2 65734.2 0
1233.31 49332.5 67716 0
1257.98 50319.2 69757.6 0
1283.14 51325.6 71860.8 0
1308.8 52352.1 74027.3 0
1334.98 53399.1 76259.2 0
1361.68 54467.1 78558.4 0
1388.91 55556.4 80926.9 0
1416.69 56667.6 83366.8 0
1445.02 57800.9 85880.3 0
1473.93 58956.9 88469.5 0
1503.4 60136.1 91136.8 0
1533.47 61338.8 93884.6 0
1564.14 62565.6 96715.1 0
1595.42 63816.9 99631 0
1627.33 65093.2 102635 0
1659.88 66395.1 105729 0
1693.08 67723 108917 0
1726.94 69077.4 112201 0
1761.48 70459 115584 0
1796.71 71868.2 119068 0
1832.64 73305.5 122658 0
1869.29 74771.6 126356 0
1906.68 76267.1 130166 0
1944.81 77792.4 134090 0
1983.71 79348.3 138133 0
2023.38 80935.2 142298 0
2063.85 82553.9 146588 0
2105.13 84205 151007 0
2147.23 85889.1 155560 0
2190.18 87606.9 160250 0
2233.98 89359 165082 0
2278.66 91146.2 170059 0
2324.23 92969.1 175186 0
2370.72 94828.5 180468 0
2418.13 96725.1 185909 0
2466.49 98659.6 191514 0
2515.82 100633 197288 0
2566.14 102645 203236 0
2617.46 104698 209364 0
2669.81 106792 215676 0
2723.21 108928 222178 0
2777.67 111107 228877 0
2833.23 113329 235777 0
2889.89 115595 242886 0
2947.69 117907 250209 0
3006.64 120266 257753 0
