1.79504e-11 1.93094e-07 0 1.93094e-07 4.5444e-08
1.89071e-11 1.98172e-07 0 1.98172e-07 4.78183e-08
1.99147e-11 2.03384e-07 0 2.03384e-07 5.03141e-08
2.09761e-11 2.08734e-07 0 2.08734e-07 5.29373e-08
2.2094e-11 2.14223e-07 0 2.14223e-07 5.5694e-08
2.32715e-11 2.19858e-07 0 2.19858e-07 5.85909e-08
2.45117e-11 2.2564e-07 0 2.2564e-07 6.16345e-08
2.5818e-11 2.31575e-07 0 2.31575e-07 6.48321e-08
2.7194e-11 2.37666e-07 0 2.37666e-07 6.81908e-08
2.86432e-11 2.43917e-07 0 2.43917e-07 7.17183e-08
3.01698e-11 2.50332e-07 0 2.50332e-07 7.54225e-08
3.17776e-11 2.56916e-07 0 2.56916e-07 7.93118e-08
3.34712e-11 2.63673e-07 0 2.63673e-07 8.33947e-08
3.5255e-11 2.70608e-07 0 2.70608e-07 8.76801e-08
3.71339e-11 2.77725e-07 0 2.77725e-07 9.21773e-08
3.91129e-11 2.8503e-07 0 2.8503e-07 9.68959e-08
4.11974e-11 2.92526e-07 0 2.92526e-07 1.01846e-07
4.3393e-11 3.0022e-07 0 3.0022e-07 1.07037e-07
4.57056e-11 3.08116e-07 0 3.08116e-07 1.12481e-07
4.81414e-11 3.1622e-07 0 3.1622e-07 1.18188e-07
5.07071e-11 3.24537e-07 0 3.24537e-07 1.24169e-07
5.34095e-11 3.33073e-07 0 3.33073e-07 1.30437e-07
5.62559e-11 3.41833e-07 0 3.41833e-07 1.37004e-07
5.9254e-11 3.50824e-07 0 3.50824e-07 1.4388e-07
6.24119e-11 3.60051e-07 0 3.60051e-07 1.51081e-07
6.5738e-11 3.6952e-07 0 3.6952e-07 1.58618e-07
6.92415e-11 3.79239e-07 0 3.79239e-07 1.66505e-07
7.29317e-11 3.89214e-07 0 3.89214e-07 1.74755e-07
7.68185e-11 3.99451e-07 0 3.99451e-07 1.83383e-07
8.09125e-11 4.09957e-07 0 4.09957e-07 1.92403e-07
8.52246e-11 4.20739e-07 0 4.20739e-07 2.01829e-07
8.97666e-11 4.31805e-07 0 4.31805e-07 2.11677e-07
9.45506e-11 4.43162e-07 0 4.43162e-07 2.2196e-07
9.95896e-11 4.54818e-07 0 4.54818e-07 2.32695e-07
1.04897e-10 4.6678e-07 0 4.6678e-07 2.43896e-07
1.10488e-10 4.79057e-07 0 4.79057e-07 2.55579e-07
1.16376e-10 4.91656e-07 0 4.91656e-07 2.67759e-07
1.22578e-10 5.04588e-07 0 5.04588e-07 2.80452e-07
1.29111e-10 5.17859e-07 0 5.17859e-07 2.93674e-07
1.35992e-10 5.31479e-07 0 5.31479e-07 3.07439e-07
1.43239e-10 5.45458e-07 0 5.45458e-07 3.21763e-07
1.50873e-10 5.59804e-07 0 5.59804e-07 3.36661e-07
1.58914e-10 5.74527e-07 0 5.74527e-07 3.52149e-07
1.67383e-10 5.89638e-07 0 5.89638e-07 3.6824e-07
1.76303e-10 6.05146e-07 0 6.05146e-07 3.8495e-07
1.85699e-10 6.21062e-07 0 6.21062e-07 4.02293e-07
1.95596e-10 6.37397e-07 0 6.37397e-07 4.20281e-07
2.0602e-10 6.54161e-07 0 6.54161e-07 4.38929e-07
2.17e-10 6.71366e-07 0 6.71366e-07 4.58248e-07
2.28564e-10 6.89024e-07 0 6.89024e-07 4.78252e-07
2.40746e-10 7.07146e-07 0 7.07146e-07 4.98951e-07
2.53576e-10 7.25745e-07 0 7.25745e-07 5.20356e-07
2.6709e-10 7.44833e-07 0 7.44833e-07 5.42478e-07
2.81324e-10 7.64423e-07 0 7.64423e-07 5.65326e-07
2.96317e-10 7.84528e-07 0 7.84528e-07 5.88909e-07
3.12109e-10 8.05162e-07 0 8.05162e-07 6.13235e-07
3.28743e-10 8.26339e-07 0 8.26339e-07 6.3831e-07
3.46263e-10 8.48073e-07 0 8.48073e-07 6.64142e-07
3.64717e-10 8.70378e-07 0 8.70378e-07 6.90736e-07
3.84154e-10 8.9327e-07 0 8.9327e-07 7.18098e-07
4.04627e-10 9.16764e-07 0 9.16764e-07 7.46231e-07
4.26191e-10 9.40876e-07 0 9.40876e-07 7.7514e-07
4.48905e-10 9.65622e-07 0 9.65622e-07 8.04827e-07
4.72829e-10 9.91019e-07 0 9.91019e-07 8.35296e-07
4.98028e-10 1.01708e-06 0 1.01708e-06 8.66549e-07
5.2457e-10 1.04383e-06 0 1.04383e-06 8.98587e-07
5.52526e-10 1.07129e-06 0 1.07129e-06 9.31414e-07
5.81973e-10 1.09947e-06 0 1.09947e-06 9.6503e-07
6.12989e-10 1.12838e-06 0 1.12838e-06 9.99437e-07
6.45657e-10 1.15806e-06 0 1.15806e-06 1.03464e-06
6.80067e-10 1.18852e-06 0 1.18852e-06 1.07064e-06
7.16311e-10 1.21978e-06 0 1.21978e-06 1.10743e-06
7.54486e-10 1.25186e-06 0 1.25186e-06 1.14503e-06
7.94695e-10 1.28479e-06 0 1.28479e-06 1.18343e-06
8.37048e-10 1.31858e-06 0 1.31858e-06 1.22265e-06
8.81658e-10 1.35326e-06 0 1.35326e-06 1.26269e-06
9.28645e-10 1.38885e-06 0 1.38885e-06 1.30355e-06
9.78136e-10 1.42538e-06 0 1.42538e-06 1.34524e-06
1.03027e-09 1.46287e-06 0 1.46287e-06 1.38778e-06
1.08517e-09 1.50134e-06 0 1.50134e-06 1.43118e-06
1.14301e-09 1.54083e-06 0 1.54083e-06 1.47545e-06
1.20392e-09 1.58135e-06 0 1.58135e-06 1.52061e-06
1.26808e-09 1.62295e-06 0 1.62295e-06 1.56667e-06
1.33566e-09 1.66563e-06 0 1.66563e-06 1.61365e-06
1.40685e-09 1.70944e-06 0 1.70944e-06 1.66158e-06
1.48182e-09 1.7544e-06 0 1.7544e-06 1.71047e-06
1.5608e-09 1.80054e-06 0 1.80054e-06 1.76036e-06
1.64398e-09 1.8479e-06 0 1.8479e-06 1.81128e-06
1.73159e-09 1.8965e-06 0 1.8965e-06 1.86324e-06
1.82388e-09 1.94638e-06 0 1.94638e-06 1.91629e-06
1.92108e-09 1.99757e-06 0 1.99757e-06 1.97046e-06
2.02346e-09 2.05011e-06 0 2.05011e-06 2.02579e-06
2.1313e-09 2.10403e-06 0 2.10403e-06 2.08231e-06
2.24488e-09 2.15937e-06 0 2.15937e-06 2.14006e-06
2.36452e-09 2.21616e-06 0 2.21616e-06 2.19909e-06
2.49054e-09 2.27445e-06 0 2.27445e-06 2.25944e-06
2.62327e-09 2.33427e-06 0 2.33427e-06 2.32115e-06
2.76307e-09 2.39567e-06 0 2.39567e-06 2.38428e-06
2.91033e-09 2.45868e-06 0 2.45868e-06 2.44887e-06
3.06543e-09 2.52334e-06 0 2.52334e-06 2.51497e-06
3.2288e-09 2.58971e-06 0 2.58971e-06 2.58264e-06
3.40088e-09 2.65782e-06 0 2.65782e-06 2.65193e-06
3.58213e-09 2.72773e-06 0 2.72773e-06 2.72288e-06
3.77303e-09 2.79947e-06 0 2.79947e-06 2.79557e-06
3.97411e-09 2.8731e-06 0 2.8731e-06 2.87004e-06
4.18591e-09 2.94866e-06 0 2.94866e-06 2.94636e-06
4.409e-09 3.02622e-06 0 3.02622e-06 3.02458e-06
4.64397e-09 3.10581e-06 0 3.10581e-06 3.10476e-06
4.89146e-09 3.1875e-06 0 3.1875e-06 3.18696e-06
5.15215e-09 3.27133e-06 0 3.27133e-06 3.27125e-06
5.42673e-09 3.35737e-06 0 3.35737e-06 3.35769e-06
5.71594e-09 3.44567e-06 0 3.44567e-06 3.44635e-06
6.02057e-09 3.5363e-06 0 3.5363e-06 3.53728e-06
6.34143e-09 3.62931e-06 0 3.62931e-06 3.63056e-06
6.67939e-09 3.72476e-06 0 3.72476e-06 3.72626e-06
7.03536e-09 3.82273e-06 0 3.82273e-06 3.82443e-06
7.41031e-09 3.92327e-06 0 3.92327e-06 3.92516e-06
7.80523e-09 4.02646e-06 0 4.02646e-06 4.02852e-06
8.22121e-09 4.13236e-06 0 4.13236e-06 4.13457e-06
8.65935e-09 4.24104e-06 0 4.24104e-06 4.24339e-06
9.12084e-09 4.35259e-06 0 4.35259e-06 4.35506e-06
9.60693e-09 4.46707e-06 0 4.46707e-06 4.46965e-06
1.01189e-08 4.58456e-06 0 4.58456e-06 4.58725e-06
1.06582e-08 4.70514e-06 0 4.70514e-06 4.70793e-06
1.12262e-08 4.82889e-06 0 4.82889e-06 4.83178e-06
1.18245e-08 4.95589e-06 0 4.95589e-06 4.95888e-06
1.24547e-08 5.08624e-06 0 5.08624e-06 5.08932e-06
1.31185e-08 5.22001e-06 0 5.22001e-06 5.22319e-06
1.38176e-08 5.3573e-06 0 5.3573e-06 5.36058e-06
1.4554e-08 5.49821e-06 0 5.49821e-06 5.50157e-06
1.53296e-08 5.64282e-06 0 5.64282e-06 5.64626e-06
1.61466e-08 5.79123e-06 0 5.79123e-06 5.79477e-06
1.70071e-08 5.94355e-06 0 5.94355e-06 5.94718e-06
1.79135e-08 6.09987e-06 0 6.09987e-06 6.10359e-06
1.88682e-08 6.2603e-06 0 6.2603e-06 6.26413e-06
1.98738e-08 6.42495e-06 0 6.42495e-06 6.42888e-06
2.09329e-08 6.59394e-06 0 6.59394e-06 6.59797e-06
2.20485e-08 6.76737e-06 0 6.76737e-06 6.7715e-06
2.32236e-08 6.94536e-06 0 6.94536e-06 6.9496e-06
2.44612e-08 7.12803e-06 0 7.12803e-06 7.13238e-06
2.57649e-08 7.3155e-06 0 7.3155e-06 7.31997e-06
2.7138e-08 7.50791e-06 0 7.50791e-06 7.5125e-06
2.85843e-08 7.70538e-06 0 7.70538e-06 7.71008e-06
3.01077e-08 7.90804e-06 0 7.90804e-06 7.91287e-06
3.17122e-08 8.11603e-06 0 8.11603e-06 8.12099e-06
3.34023e-08 8.32949e-06 0 8.32949e-06 8.33458e-06
3.51825e-08 8.54857e-06 0 8.54857e-06 8.55379e-06
3.70575e-08 8.7734e-06 0 8.7734e-06 8.77876e-06
3.90324e-08 9.00415e-06 0 9.00415e-06 9.00965e-06
4.11126e-08 9.24097e-06 0 9.24097e-06 9.24662e-06
4.33037e-08 9.48402e-06 0 9.48402e-06 9.48981e-06
4.56115e-08 9.73346e-06 0 9.73346e-06 9.73941e-06
4.80423e-08 9.98947e-06 0 9.98947e-06 9.99557e-06
5.06027e-08 1.02522e-05 0 1.02522e-05 1.02585e-05
5.32995e-08 1.05218e-05 0 1.05218e-05 1.05283e-05
5.61401e-08 1.07986e-05 0 1.07986e-05 1.08052e-05
5.9132e-08 1.10826e-05 0 1.10826e-05 1.10894e-05
6.22834e-08 1.13741e-05 0 1.13741e-05 1.1381e-05
6.56028e-08 1.16732e-05 0 1.16732e-05 1.16804e-05
6.9099e-08 1.19803e-05 0 1.19803e-05 1.19876e-05
7.27816e-08 1.22953e-05 0 1.22953e-05 1.23029e-05
7.66604e-08 1.26187e-05 0 1.26187e-05 1.26264e-05
8.0746e-08 1.29506e-05 0 1.29506e-05 1.29585e-05
8.50493e-08 1.32912e-05 0 1.32912e-05 1.32994e-05
8.95819e-08 1.36408e-05 0 1.36408e-05 1.36491e-05
9.43561e-08 1.39996e-05 0 1.39996e-05 1.40081e-05
9.93847e-08 1.43678e-05 0 1.43678e-05 1.43766e-05
1.04681e-07 1.47457e-05 0 1.47457e-05 1.47547e-05
1.1026e-07 1.51335e-05 0 1.51335e-05 1.51427e-05
1.16136e-07 1.55315e-05 0 1.55315e-05 1.5541e-05
1.22326e-07 1.594e-05 0 1.594e-05 1.59498e-05
1.28845e-07 1.63593e-05 0 1.63593e-05 1.63693e-05
1.35712e-07 1.67895e-05 0 1.67895e-05 1.67998e-05
1.42944e-07 1.72311e-05 0 1.72311e-05 1.72416e-05
1.50563e-07 1.76843e-05 0 1.76843e-05 1.76951e-05
1.58587e-07 1.81494e-05 0 1.81494e-05 1.81605e-05
1.67038e-07 1.86268e-05 0 1.86268e-05 1.86382e-05
1.75941e-07 1.91167e-05 0 1.91167e-05 1.91284e-05
1.85317e-07 1.96195e-05 0 1.96195e-05 1.96315e-05
1.95193e-07 2.01355e-05 0 2.01355e-05 2.01478e-05
2.05596e-07 2.06651e-05 0 2.06651e-05 2.06777e-05
2.16553e-07 2.12086e-05 0 2.12086e-05 2.12216e-05
2.28094e-07 2.17664e-05 0 2.17664e-05 2.17797e-05
2.4025e-07 2.23389e-05 0 2.23389e-05 2.23526e-05
2.53054e-07 2.29265e-05 0 2.29265e-05 2.29405e-05
2.6654e-07 2.35294e-05 0 2.35294e-05 2.35438e-05
2.80746e-07 2.41483e-05 0 2.41483e-05 2.4163e-05
2.95708e-07 2.47834e-05 0 2.47834e-05 2.47986e-05
3.11467e-07 2.54353e-05 0 2.54353e-05 2.54508e-05
3.28066e-07 2.61042e-05 0 2.61042e-05 2.61202e-05
3.4555e-07 2.67908e-05 0 2.67908e-05 2.68072e-05
3.63966e-07 2.74954e-05 0 2.74954e-05 2.75122e-05
3.83364e-07 2.82186e-05 0 2.82186e-05 2.82358e-05
4.03795e-07 2.89608e-05 0 2.89608e-05 2.89785e-05
4.25314e-07 2.97225e-05 0 2.97225e-05 2.97406e-05
4.47981e-07 3.05042e-05 0 3.05042e-05 3.05228e-05
4.71856e-07 3.13065e-05 0 3.13065e-05 3.13256e-05
4.97003e-07 3.21299e-05 0 3.21299e-05 3.21495e-05
5.2349e-07 3.2975e-05 0 3.2975e-05 3.29951e-05
5.51389e-07 3.38423e-05 0 3.38423e-05 3.38629e-05
5.80775e-07 3.47324e-05 0 3.47324e-05 3.47536e-05
6.11727e-07 3.56459e-05 0 3.56459e-05 3.56676e-05
6.44329e-07 3.65834e-05 0 3.65834e-05 3.66057e-05
6.78668e-07 3.75456e-05 0 3.75456e-05 3.75685e-05
7.14837e-07 3.85331e-05 0 3.85331e-05 3.85566e-05
7.52933e-07 3.95465e-05 0 3.95465e-05 3.95707e-05
7.9306e-07 4.05866e-05 0 4.05866e-05 4.06114e-05
8.35326e-07 4.16541e-05 0 4.16541e-05 4.16795e-05
8.79844e-07 4.27497e-05 0 4.27497e-05 4.27758e-05
9.26734e-07 4.3874e-05 0 4.3874e-05 4.39008e-05
9.76123e-07 4.5028e-05 0 4.5028e-05 4.50555e-05
1.02815e-06 4.62123e-05 0 4.62123e-05 4.62405e-05
1.08294e-06 4.74277e-05 0 4.74277e-05 4.74567e-05
1.14065e-06 4.86751e-05 0 4.86751e-05 4.87048e-05
1.20144e-06 4.99553e-05 0 4.99553e-05 4.99858e-05
1.26547e-06 5.12692e-05 0 5.12692e-05 5.13005e-05
1.33292e-06 5.26177e-05 0 5.26177e-05 5.26498e-05
1.40395e-06 5.40016e-05 0 5.40016e-05 5.40345e-05
1.47877e-06 5.54219e-05 0 5.54219e-05 5.54557e-05
1.55758e-06 5.68795e-05 0 5.68795e-05 5.69142e-05
1.6406e-06 5.83755e-05 0 5.83755e-05 5.84112e-05
1.72803e-06 5.99109e-05 0 5.99109e-05 5.99474e-05
1.82012e-06 6.14866e-05 0 6.14866e-05 6.15241e-05
1.91712e-06 6.31038e-05 0 6.31038e-05 6.31423e-05
2.0193e-06 6.47635e-05 0 6.47635e-05 6.4803e-05
2.12691e-06 6.64668e-05 0 6.64668e-05 6.65074e-05
2.24027e-06 6.8215e-05 0 6.8215e-05 6.82566e-05
2.35966e-06 7.00091e-05 0 7.00091e-05 7.00518e-05
2.48541e-06 7.18505e-05 0 7.18505e-05 7.18943e-05
2.61787e-06 7.37402e-05 0 7.37402e-05 7.37852e-05
2.75739e-06 7.56797e-05 0 7.56797e-05 7.57258e-05
2.90434e-06 7.76701e-05 0 7.76701e-05 7.77175e-05
3.05913e-06 7.97129e-05 0 7.97129e-05 7.97616e-05
3.22216e-06 8.18095e-05 0 8.18095e-05 8.18594e-05
3.39388e-06 8.39612e-05 0 8.39612e-05 8.40124e-05
3.57476e-06 8.61695e-05 0 8.61695e-05 8.6222e-05
3.76527e-06 8.84358e-05 0 8.84358e-05 8.84898e-05
3.96594e-06 9.07618e-05 0 9.07618e-05 9.08172e-05
4.1773e-06 9.31489e-05 0 9.31489e-05 9.32058e-05
4.39992e-06 9.55988e-05 0 9.55988e-05 9.56572e-05
4.63441e-06 9.81132e-05 0 9.81132e-05 9.81731e-05
4.8814e-06 0.000100694 0 0.000100694 0.000100755
5.14155e-06 0.000103342 0 0.000103342 0.000103405
5.41556e-06 0.00010606 0 0.00010606 0.000106125
5.70418e-06 0.00010885 0 0.00010885 0.000108916
6.00818e-06 0.000111712 0 0.000111712 0.000111781
6.32838e-06 0.000114651 0 0.000114651 0.000114721
6.66565e-06 0.000117666 0 0.000117666 0.000117738
7.02089e-06 0.000120761 0 0.000120761 0.000120835
7.39506e-06 0.000123937 0 0.000123937 0.000124013
7.78917e-06 0.000127197 0 0.000127197 0.000127274
8.20429e-06 0.000130542 0 0.000130542 0.000130622
8.64153e-06 0.000133976 0 0.000133976 0.000134057
9.10207e-06 0.000137499 0 0.000137499 0.000137583
9.58716e-06 0.000141116 0 0.000141116 0.000141202
1.00981e-05 0.000144827 0 0.000144827 0.000144916
1.06363e-05 0.000148636 0 0.000148636 0.000148727
1.12031e-05 0.000152546 0 0.000152546 0.000152639
1.18002e-05 0.000156558 0 0.000156558 0.000156653
1.24291e-05 0.000160675 0 0.000160675 0.000160774
1.30915e-05 0.000164901 0 0.000164901 0.000165002
1.37892e-05 0.000169238 0 0.000169238 0.000169342
1.4524e-05 0.00017369 0 0.00017369 0.000173796
1.52981e-05 0.000178258 0 0.000178258 0.000178367
1.61134e-05 0.000182946 0 0.000182946 0.000183058
1.69721e-05 0.000187758 0 0.000187758 0.000187873
1.78766e-05 0.000192696 0 0.000192696 0.000192814
1.88294e-05 0.000197764 0 0.000197764 0.000197885
1.98329e-05 0.000202966 0 0.000202966 0.00020309
2.08898e-05 0.000208304 0 0.000208304 0.000208431
2.20031e-05 0.000213783 0 0.000213783 0.000213913
2.31758e-05 0.000219405 0 0.000219405 0.00021954
2.44109e-05 0.000225176 0 0.000225176 0.000225314
2.57119e-05 0.000231098 0 0.000231098 0.00023124
2.70822e-05 0.000237177 0 0.000237177 0.000237322
2.85255e-05 0.000243415 0 0.000243415 0.000243563
3.00457e-05 0.000249817 0 0.000249817 0.000249969
3.1647e-05 0.000256387 0 0.000256387 0.000256544
3.33336e-05 0.00026313 0 0.00026313 0.000263291
3.51101e-05 0.000270051 0 0.000270051 0.000270216
3.69812e-05 0.000277154 0 0.000277154 0.000277323
3.89521e-05 0.000284443 0 0.000284443 0.000284617
4.1028e-05 0.000291924 0 0.000291924 0.000292103
4.32146e-05 0.000299602 0 0.000299602 0.000299786
4.55177e-05 0.000307482 0 0.000307482 0.00030767
4.79435e-05 0.000315569 0 0.000315569 0.000315762
5.04986e-05 0.000323869 0 0.000323869 0.000324067
5.31899e-05 0.000332387 0 0.000332387 0.000332591
5.60246e-05 0.00034113 0 0.00034113 0.000341338
5.90104e-05 0.000350102 0 0.000350102 0.000350316
6.21553e-05 0.00035931 0 0.00035931 0.000359529
6.54678e-05 0.00036876 0 0.00036876 0.000368986
6.89568e-05 0.000378459 0 0.000378459 0.00037869
7.26318e-05 0.000388413 0 0.000388413 0.00038865
7.65027e-05 0.000398629 0 0.000398629 0.000398872
8.05798e-05 0.000409113 0 0.000409113 0.000409363
8.48742e-05 0.000419873 0 0.000419873 0.00042013
8.93975e-05 0.000430916 0 0.000430916 0.00043118
9.41619e-05 0.00044225 0 0.00044225 0.00044252
9.91802e-05 0.000453882 0 0.000453882 0.000454159
0.000104466 0.000465819 0 0.000465819 0.000466104
0.000110033 0.000478071 0 0.000478071 0.000478363
0.000115897 0.000490645 0 0.000490645 0.000490945
0.000122074 0.000503549 0 0.000503549 0.000503857
0.00012858 0.000516793 0 0.000516793 0.000517109
0.000135433 0.000530386 0 0.000530386 0.00053071
0.00014265 0.000544335 0 0.000544335 0.000544668
0.000150253 0.000558652 0 0.000558652 0.000558993
0.00015826 0.000573345 0 0.000573345 0.000573695
0.000166695 0.000588425 0 0.000588425 0.000588784
0.000175578 0.000603901 0 0.000603901 0.00060427
0.000184936 0.000619784 0 0.000619784 0.000620163
0.000194792 0.000636086 0 0.000636086 0.000636474
0.000205173 0.000652815 0 0.000652815 0.000653214
0.000216108 0.000669985 0 0.000669985 0.000670394
0.000227625 0.000687607 0 0.000687607 0.000688027
0.000239756 0.000705691 0 0.000705691 0.000706123
0.000252533 0.000724252 0 0.000724252 0.000724694
0.000265992 0.000743301 0 0.000743301 0.000743755
0.000280168 0.00076285 0 0.00076285 0.000763316
0.000295099 0.000782914 0 0.000782914 0.000783392
0.000310826 0.000803506 0 0.000803506 0.000803997
0.000327391 0.000824639 0 0.000824639 0.000825143
0.000344839 0.000846328 0 0.000846328 0.000846845
0.000363217 0.000868588 0 0.000868588 0.000869118
0.000382575 0.000891432 0 0.000891432 0.000891977
0.000402964 0.000914878 0 0.000914878 0.000915437
0.000424439 0.000938941 0 0.000938941 0.000939514
0.000447059 0.000963636 0 0.000963636 0.000964224
0.000470885 0.000988981 0 0.000988981 0.000989584
0.00049598 0.00101499 0 0.00101499 0.00101561
0.000522413 0.00104169 0 0.00104169 0.00104232
0.000550255 0.00106909 0 0.00106909 0.00106974
0.00057958 0.0010972 0 0.0010972 0.00109787
0.000610468 0.00112606 0 0.000965361 0.00112675
0.000643003 0.00115568 0 0.000849573 0.00115638
0.000677271 0.00118607 0 0.000779694 0.0011868
0.000713366 0.00121727 0 0.000727346 0.00121801
0.000751384 0.00124928 0 0.000684302 0.00125005
0.000791428 0.00128214 0 0.000648038 0.00128292
0.000833607 0.00131586 0 0.000615897 0.00131667
0.000878033 0.00135047 0 0.000586635 0.0013513
0.000924827 0.00138599 0 0.000560453 0.00138684
0.000974115 0.00142245 0 0.000537514 0.00142331
0.00102603 0.00145986 0 0.00051646 0.00146075
0.00108071 0.00149825 0 0.000495912 0.00149917
0.00113831 0.00153766 0 0.000477469 0.0015386
0.00119897 0.0015781 0 0.000459721 0.00157906
0.00126287 0.00161961 0 0.000442748 0.0016206
0.00133017 0.00166221 0 0.000428115 0.00166322
0.00140106 0.00170592 0 0.000412893 0.00170696
0.00147573 0.00175079 0 0.000398634 0.00175186
0.00155438 0.00179684 0 0.000386886 0.00179793
0.00163722 0.0018441 0 0.000373205 0.00184522
0.00172447 0.0018926 0 0.000362123 0.00189375
0.00181638 0.00194238 0 0.000350687 0.00194356
0.00191318 0.00199347 0 0.000338931 0.00199468
0.00201514 0.0020459 0 0.000328386 0.00204714
0.00212254 0.00209971 0 0.000319079 0.00210098
0.00223566 0.00215493 0 0.000309545 0.00215624
0.0023548 0.00221161 0 0.000299808 0.00221295
0.0024803 0.00226978 0 0.000291388 0.00227116
0.00261249 0.00232948 0 0.000282811 0.00233089
0.00275172 0.00239075 0 0.000274099 0.0023922
0.00289837 0.00245363 0 0.000266765 0.00245512
0.00305283 0.00251816 0 0.000259332 0.00251969
0.00321553 0.00258439 0 0.000251816 0.00258596
0.0033869 0.00265236 0 0.000244233 0.00265397
0.0035674 0.00272212 0 0.000236597 0.00272377
0.00375752 0.00279372 0 0.000230417 0.00279541
0.00395778 0.0028672 0 0.00022421 0.00286894
0.0041687 0.00294261 0 0.000217987 0.00294439
0.00439087 0.00302001 0 0.00021176 0.00302183
0.00462488 0.00309944 0 0.000205539 0.00310131
0.00487136 0.00318096 0 0.000200828 0.00318288
0.00513097 0.00326462 0 0.000194645 0.00326659
0.00540442 0.00335048 0 0.00018999 0.00335251
0.00569244 0.00343861 0 0.000183878 0.00344068
0.00599582 0.00352905 0 0.000179309 0.00353118
0.00631536 0.00362187 0 0.000174794 0.00362405
0.00665193 0.00371713 0 0.000170339 0.00371937
0.00700644 0.0038149 0 0.000164451 0.00381719
0.00737984 0.00391523 0 0.00016013 0.00391759
0.00777315 0.00401821 0 0.000155885 0.00402063
0.00818741 0.0041239 0 0.000151719 0.00412637
0.00862375 0.00423236 0 0.000147638 0.0042349
0.00908334 0.00434368 0 0.000143645 0.00434628
0.00956743 0.00445793 0 0.000139744 0.0044606
0.0100773 0.00457518 0 0.000135938 0.00457792
0.0106144 0.00469552 0 0.000132229 0.00469832
0.0111801 0.00481902 0 0.000128622 0.00482189
0.0117759 0.00494577 0 0.000125118 0.00494871
0.0124035 0.00507585 0 0.000121719 0.00507887
0.0130645 0.00520936 0 0.000118428 0.00521245
0.0137608 0.00534637 0 0.000116742 0.00534954
0.0144942 0.00548699 0 0.000112176 0.00549024
0.0152666 0.00563131 0 0.000109218 0.00563464
0.0160802 0.00577943 0 0.000106374 0.00578284
0.0169372 0.00593144 0 0.000103645 0.00593494
0.0178399 0.00608745 0 0.000101033 0.00609103
0.0187906 0.00624757 0 9.85373e-05 0.00625123
0.019792 0.00641189 0 9.61602e-05 0.00641565
0.0208468 0.00658054 0 9.39026e-05 0.00658439
0.0219579 0.00675363 0 9.1765e-05 0.00675756
0.0231281 0.00693127 0 8.82483e-05 0.0069353
0.0243607 0.00711358 0 8.63469e-05 0.0071177
0.025659 0.00730069 0 8.45675e-05 0.00730491
0.0270264 0.00749272 0 8.14116e-05 0.00749703
0.0284668 0.0076898 0 7.98695e-05 0.00769422
0.0299839 0.00789207 0 7.69553e-05 0.00789658
0.0315819 0.00809965 0 7.56519e-05 0.00810427
0.033265 0.0083127 0 7.29765e-05 0.00831742
0.0350378 0.00853135 0 7.19125e-05 0.00853618
0.0369051 0.00875576 0 6.94715e-05 0.00876069
0.038872 0.00898607 0 6.71537e-05 0.00899111
0.0409436 0.00922244 0 6.64428e-05 0.00922759
0.0431257 0.00946503 0 6.43546e-05 0.00947028
0.045424 0.009714 0 6.23837e-05 0.00971936
0.0478448 0.00996952 0 6.053e-05 0.00997499
0.0503947 0.0102318 0 5.87908e-05 0.0102373
0.0530804 0.0105009 0 5.71662e-05 0.0105066
0.0559093 0.0107771 0 5.56539e-05 0.0107829
0.0588889 0.0110606 0 5.4253e-05 0.0110665
0.0620274 0.0113516 0 5.29643e-05 0.0113576
0.0653331 0.0116502 0 5.17846e-05 0.0116563
0.0688149 0.0119567 0 5.07188e-05 0.0119629
0.0724824 0.0122712 0 4.97625e-05 0.0122775
0.0763453 0.012594 0 4.74153e-05 0.0126004
0.080414 0.0129253 0 4.66693e-05 0.0129319
0.0846996 0.0132653 0 4.60357e-05 0.013272
0.0892136 0.0136143 0 4.40029e-05 0.013621
0.0939682 0.0139725 0 4.35779e-05 0.0139793
0.0989761 0.01434 0 4.1751e-05 0.014347
0.104251 0.0147173 0 4.00371e-05 0.0147243
0.109807 0.0151045 0 3.99063e-05 0.0151116
0.115659 0.0155019 0 3.83848e-05 0.015509
0.121823 0.0159097 0 3.69653e-05 0.0159169
0.128315 0.0163283 0 3.71384e-05 0.0163356
0.135154 0.0167579 0 3.59033e-05 0.0167652
0.142357 0.0171988 0 3.47674e-05 0.0172062
0.149944 0.0176513 0 3.37254e-05 0.0176587
0.157935 0.0181158 0 3.27753e-05 0.0181231
0.166352 0.0185924 0 3.19199e-05 0.0185998
0.175217 0.0190817 0 3.11498e-05 0.019089
0.184555 0.0195838 0 3.04731e-05 0.019591
0.194391 0.0200991 0 2.98855e-05 0.0201063
0.204751 0.020628 0 2.78867e-05 0.0206351
0.215663 0.0211709 0 2.74652e-05 0.0211779
0.227156 0.021728 0 2.71263e-05 0.0217349
0.239263 0.0222998 0 2.68832e-05 0.0223065
0.252014 0.0228867 0 2.52139e-05 0.0228932
0.265445 0.0234891 0 2.51242e-05 0.0234953
0.279591 0.0241073 0 2.36229e-05 0.0241132
0.294492 0.0247419 0 2.36843e-05 0.0247474
0.310187 0.0253931 0 2.23365e-05 0.0253983
0.326718 0.0260616 0 2.25591e-05 0.0260663
0.34413 0.0267476 0 2.13621e-05 0.0267519
0.36247 0.0274518 0 2.17463e-05 0.0274555
0.381787 0.0281745 0 2.06842e-05 0.0281776
0.402134 0.0289163 0 1.97025e-05 0.0289187
0.423566 0.0296777 0 1.8797e-05 0.0296793
0.446139 0.0304591 0 1.94558e-05 0.0304599
0.469916 0.0312612 0 1.86833e-05 0.031261
0.49496 0.0320845 0 1.79687e-05 0.0320831
0.521338 0.0329295 0 1.73335e-05 0.0329269
0.549123 0.0337969 0 1.67635e-05 0.0337929
0.578388 0.0346871 0 1.62567e-05 0.0346817
0.609212 0.0356009 0 1.58117e-05 0.0355938
0.64168 0.0365388 0 1.54275e-05 0.0365299
0.675877 0.0375016 0 1.51035e-05 0.0374906
0.711898 0.0384898 0 1.48576e-05 0.0384766
0.749838 0.0395041 0 1.46562e-05 0.0394885
0.7898 0.0405453 0 1.30263e-05 0.040527
0.831891 0.0416141 0 1.29176e-05 0.0415928
0.876226 0.0427111 0 1.28903e-05 0.0426866
0.922924 0.0438373 0 1.29285e-05 0.0438092
0.97211 0.0449932 0 1.14973e-05 0.0449613
1.02392 0.0461798 0 1.16172e-05 0.0461436
1.07849 0.0473979 0 1.18091e-05 0.0473571
1.13596 0.0486484 0 1.05482e-05 0.0486024
1.1965 0.0499321 0 1.08506e-05 0.0498805
1.26027 0.0512498 0 9.70613e-06 0.0511921
1.32744 0.0526026 0 1.00597e-05 0.0525382
1.39818 0.0539914 0 9.04546e-06 0.0539196
1.4727 0.0554171 0 9.48458e-06 0.0553373
1.55118 0.0568808 0 8.5549e-06 0.0567923
1.63385 0.0583835 0 9.088e-06 0.0582854
1.72092 0.0599264 0 8.22941e-06 0.0598178
1.81264 0.0615104 0 8.87077e-06 0.0613904
1.90924 0.0631367 0 8.07135e-06 0.0630042
2.01099 0.0648065 0 7.34316e-06 0.0646604
2.11817 0.066521 0 8.14866e-06 0.0663599
2.23105 0.0682815 0 7.46468e-06 0.0681041
2.34996 0.0700892 0 6.84023e-06 0.069894
2.4752 0.0719454 0 6.26991e-06 0.0717307
2.60711 0.0738515 0 7.21759e-06 0.0736155
2.74605 0.0758089 0 6.67734e-06 0.0755497
2.8924 0.077819 0 6.18185e-06 0.0775345
3.04655 0.0798834 0 5.72627e-06 0.0795711
3.20891 0.0820037 0 5.38692e-06 0.081661
3.37993 0.0841812 0 5.00752e-06 0.0838054
3.56006 0.0864178 0 4.65582e-06 0.0860057
3.74979 0.0887153 0 5.91717e-06 0.0882634
3.94963 0.0910751 0 5.59997e-06 0.0905799
4.16012 0.0934993 0 5.30464e-06 0.0929566
4.38183 0.0959898 0 5.15049e-06 0.0953951
4.61536 0.0985484 0 4.90848e-06 0.0978967
4.86133 0.101177 0 4.81928e-06 0.100463
5.12041 0.103878 0 4.75772e-06 0.103096
5.3933 0.106654 0 4.59867e-06 0.105797
5.68073 0.109506 0 3.07665e-06 0.108567
5.98348 0.112438 0 3.0673e-06 0.111409
