5.98348e-06 0.000839612
6.58183e-06 0.000923573
7.24001e-06 0.00101593
7.96401e-06 0.00111752
8.76041e-06 0.00122928
9.63646e-06 0.0013522
1.06001e-05 0.00148742
1.16601e-05 0.00163617
1.28261e-05 0.00179978
1.41087e-05 0.00197976
1.55196e-05 0.00217774
1.70716e-05 0.00239551
1.87787e-05 0.00263506
2.06566e-05 0.00289857
2.27223e-05 0.00318842
2.49945e-05 0.00350727
2.74939e-05 0.00385799
3.02433e-05 0.00424379
3.32677e-05 0.00466817
3.65944e-05 0.00513499
4.02539e-05 0.00564849
4.42793e-05 0.00621334
4.87072e-05 0.00683467
5.35779e-05 0.00751814
5.89357e-05 0.00826995
6.48293e-05 0.00909695
7.13122e-05 0.0100066
7.84434e-05 0.0110073
8.62877e-05 0.012108
9.49165e-05 0.0133188
0.000104408 0.0146507
0.000114849 0.0161158
0.000126334 0.0177274
0.000138967 0.0195001
0.000152864 0.0214501
0.00016815 0.0235951
0.000184965 0.0259547
0.000203462 0.0285501
0.000223808 0.0314051
0.000246189 0.0345456
0.000270808 0.0380002
0.000297889 0.0418002
0.000327678 0.0459803
0.000360445 0.0505783
0.00039649 0.0556361
0.000436139 0.0611997
0.000479753 0.0673197
0.000527728 0.0740517
0.000580501 0.0814568
0.000638551 0.0896025
0.000702406 0.0985628
0.000772646 0.108419
0.000849911 0.119261
0.000934902 0.131187
0.00102839 0.144306
0.00113123 0.158736
0.00124435 0.17461
0.00136879 0.192071
0.00150567 0.211278
0.00165624 0.232406
0.00182186 0.255646
0.00200405 0.281211
0.00220445 0.309332
0.0024249 0.340265
0.00266739 0.374292
0.00293412 0.411721
0.00322754 0.452893
0.00355029 0.498183
0.00390532 0.548001
0.00429585 0.602801
0.00472544 0.663081
0.00519798 0.729389
0.00571778 0.802328
0.00628955 0.882561
0.00691851 0.970817
0.00761036 1.0679
0.0083714 1.17469
0.00920854 1.29216
0.0101294 1.42137
0.0111423 1.56351
0.0122566 1.71986
0.0134822 1.89185
0.0148304 2.08103
0.0163135 2.28914
0.0179448 2.51805
0.0197393 2.76985
0.0217132 3.04684
0.0238846 3.35152
0.026273 3.68668
0.0289003 4.05534
0.0317904 4.46088
0.0349694 4.90696
0.0384663 5.39766
0.042313 5.93743
0.0465443 6.53117
0.0511987 7.18429
0.0563186 7.90272
0.0619504 8.69299
0.0681455 9.56229
0.07496 10.5185
0.082456 11.5704
0.0907016 12.7274
0.0997718 14.0001
0.109749 15.4002
0.120724 16.9402
0.132796 18.6342
0.146076 20.4976
0.160683 22.5474
0.176752 24.8021
0.194427 27.2823
0.21387 30.0105
0.235257 33.0116
0.258782 36.3128
0.284661 39.944
0.313127 43.9384
0.344439 48.3323
0.378883 53.1655
0.416772 58.4821
0.458449 64.3303
0.504294 70.7633
0.554723 77.8396
