0.00051162 10.307 0 10.307
0.000521852 11.5519 0.000896708 9.36399
0.000532289 12.1307 0.0012956 8.98871
0.000542935 12.6054 0.00161729 8.7073
0.000553794 13.0339 0.00190616 8.46762
0.00056487 13.4295 0.00216978 8.26404
0.000576167 13.8095 0.00242431 8.07378
0.00058769 14.1758 0.00266946 7.89946
0.000599444 14.533 0.00290917 7.73585
0.000611433 14.8848 0.00314747 7.57686
0.000623662 15.23 0.00338009 7.43167
0.000636135 15.572 0.00361115 7.29381
0.000648858 15.9132 0.00384481 7.15562
0.000661835 16.2526 0.00407684 7.02634
0.000675071 16.5921 0.00431147 6.89795
0.000688573 16.9322 0.00454869 6.77085
0.000702344 17.2729 0.00478442 6.65545
0.000716391 17.6157 0.00502702 6.53272
0.000730719 17.9604 0.00527243 6.41289
0.000745333 18.3082 0.00551658 6.3072
0.00076024 18.6587 0.00576783 6.19496
0.000775445 19.0117 0.0060263 6.076
0.000790954 19.3695 0.00628377 5.97303
0.000806773 19.7306 0.0065487 5.86401
0.000822908 20.0966 0.00681704 5.76079
0.000839366 20.4662 0.0070931 5.65173
0.000856154 20.8416 0.00737288 5.54926
0.000873277 21.2232 0.00765647 5.45385
0.000890742 21.6112 0.00794875 5.35453
0.000908557 22.0085 0.00824566 5.26456
0.000926728 22.408 0.00855045 5.16805
0.000945263 22.8113 0.00886372 5.06593
0.000964168 23.2225 0.00918158 4.97229
0.000983451 23.6423 0.00950422 4.88776
0.00100312 24.0635 0.00984024 4.78448
0.00102318 24.4983 0.0101773 4.70535
0.00104365 24.9341 0.0105281 4.60712
0.00106452 25.3799 0.0108844 4.51918
0.00108581 25.8366 0.0112467 4.44214
0.00110753 26.2996 0.0116191 4.36117
0.00112968 26.7688 0.012002 4.27617
0.00115227 27.2443 0.0123955 4.18715
0.00117532 27.732 0.0127959 4.11007
0.00119882 28.2266 0.0132074 4.02931
0.0012228 28.728 0.0136304 3.94474
0.00124725 29.2429 0.0140609 3.87306
0.0012722 29.765 0.0145034 3.79787
0.00129764 30.2946 0.0149581 3.71921
0.0013236 30.8386 0.0154213 3.65417
0.00135007 31.3834 0.0159014 3.5686
0.00137707 31.9431 0.0163905 3.49693
0.00140461 32.5183 0.0168889 3.43976
0.0014327 33.0944 0.0174053 3.36169
0.00146136 33.6865 0.0179315 3.29838
0.00149058 34.2871 0.0184722 3.232
0.0015204 34.8965 0.0190278 3.16265
0.0015508 35.5229 0.0195942 3.10862
0.00158182 36.1501 0.0201804 3.03327
0.00161346 36.7948 0.0207782 2.97353
0.00164573 37.4489 0.0213924 2.911
0.00167864 38.1212 0.022019 2.86463
0.00171221 38.7946 0.0226668 2.79659
0.00174646 39.4865 0.023328 2.74487
0.00178139 40.1886 0.0240071 2.69061
0.00181701 40.901 0.0247046 2.63376
0.00185335 41.6236 0.0254208 2.57427
0.00189042 42.3661 0.0261522 2.53179
0.00192823 43.1194 0.0269033 2.48696
0.00196679 43.874 0.0276788 2.41981
0.00200613 44.6491 0.0284708 2.37002
0.00204625 45.4453 0.02928 2.33788
0.00208718 46.2432 0.0301151 2.28342
0.00212892 47.0525 0.0309725 2.22655
0.0021715 47.8835 0.0318486 2.18754
0.00221493 48.7264 0.0327481 2.14627
0.00225923 49.5816 0.0336717 2.10285
0.00230441 50.449 0.0346199 2.05724
0.0023505 51.329 0.0355934 2.00951
0.00239751 52.2319 0.0365886 1.98012
0.00244546 53.1372 0.0376145 1.92804
0.00249437 54.0661 0.0386634 1.89456
0.00254426 55.0083 0.0397402 1.85905
0.00259514 55.964 0.0408456 1.82158
0.00264705 56.9334 0.0419803 1.78211
0.00269999 57.9273 0.0431409 1.76159
0.00275399 58.9246 0.0443364 1.71824
0.00280907 59.9362 0.0455635 1.67294
0.00286525 60.9731 0.0468189 1.64684
0.00292255 62.0247 0.0481075 1.61888
0.002981 63.0913 0.0494301 1.58917
0.00304062 64.1731 0.0507875 1.55766
0.00310144 65.2703 0.0521808 1.52443
0.00316347 66.3831 0.0536108 1.48944
0.00322673 67.5118 0.0550784 1.45274
0.00329127 68.6676 0.0565804 1.43562
0.00335709 69.8287 0.0581262 1.39566
0.00342424 71.0174 0.0597083 1.37525
0.00349272 72.223 0.061332 1.35335
0.00356258 73.4457 0.0629984 1.32992
0.00363383 74.6857 0.0647085 1.30491
0.0037065 75.9433 0.0664634 1.27839
0.00378063 77.2186 0.0682643 1.25033
0.00385625 78.5121 0.0701124 1.22079
0.00393337 79.8352 0.0720045 1.21136
0.00401204 81.1658 0.0739505 1.17899
0.00409228 82.5265 0.0759431 1.16678
0.00417413 83.895 0.077992 1.13151
0.00425761 85.2943 0.0800901 1.11658
0.00434276 86.7134 0.082243 1.10028
0.00442962 88.1412 0.0844562 1.06108
0.00451821 89.6006 0.0867229 1.04216
0.00460857 91.0806 0.0890486 1.02197
0.00470074 92.5816 0.0914349 1.00059
0.00479476 94.1153 0.0938791 0.999628
0.00489065 95.659 0.0963911 0.975768
0.00498847 97.2245 0.0989684 0.950759
0.00508824 98.8237 0.101608 0.946326
0.00519 100.434 0.104321 0.918904
0.0052938 102.078 0.1071 0.912241
0.00539968 103.734 0.109956 0.882591
0.00550767 105.425 0.112881 0.873697
0.00561782 107.14 0.115881 0.863741
0.00573018 108.867 0.118964 0.830904
0.00584478 110.631 0.122122 0.818743
0.00596168 112.419 0.125362 0.805692
0.00608091 114.232 0.128686 0.791621
0.00620253 116.071 0.132095 0.776575
0.00632658 117.936 0.135593 0.76047
0.00645311 119.827 0.139181 0.743573
0.00658218 121.756 0.142857 0.747593
0.00671382 123.701 0.146632 0.728718
0.00684809 125.673 0.150504 0.708958
0.00698506 127.672 0.154476 0.688378
0.00712476 129.712 0.158545 0.688793
0.00726725 131.768 0.162724 0.666418
0.0074126 133.865 0.167006 0.665191
0.00756085 135.98 0.171401 0.641162
0.00771207 138.136 0.175906 0.638273
0.00786631 140.322 0.180526 0.63464
0.00802363 142.527 0.185268 0.608247
0.00818411 144.775 0.190128 0.603003
0.00834779 147.054 0.195112 0.59705
0.00851475 149.365 0.200224 0.590368
0.00868504 151.709 0.205466 0.582926
0.00885874 154.073 0.210847 0.552887
0.00903592 156.483 0.21636 0.544022
0.00921663 158.926 0.222015 0.534475
0.00940097 161.403 0.227813 0.524291
0.00958899 163.927 0.233755 0.53542
0.00978077 166.473 0.239853 0.523879
0.00997638 169.056 0.246106 0.511798
0.0101759 171.674 0.252517 0.498994
0.0103794 174.329 0.259092 0.485678
0.010587 177.021 0.265834 0.47175
0.0107988 179.762 0.272742 0.479094
0.0110147 182.53 0.279831 0.464036
0.011235 185.336 0.287098 0.448354
0.0114597 188.193 0.294546 0.454025
0.0116889 191.078 0.302187 0.437309
0.0119227 194.014 0.310016 0.44196
0.0121612 196.98 0.318048 0.424153
0.0124044 199.998 0.326278 0.427783
0.0126525 203.047 0.334721 0.408988
0.0129055 206.149 0.343372 0.411598
0.0131636 209.283 0.352246 0.391873
0.0134269 212.472 0.361339 0.393523
0.0136954 215.705 0.370662 0.394772
0.0139693 218.971 0.380222 0.373618
0.0142487 222.294 0.39002 0.37393
0.0145337 225.663 0.400063 0.373836
0.0148244 229.066 0.410363 0.351523
0.0151209 232.529 0.420917 0.350567
0.0154233 236.038 0.431736 0.349185
0.0157317 239.597 0.442826 0.34753
0.0160464 243.204 0.454194 0.345452
0.0163673 246.849 0.465851 0.321184
0.0166947 250.556 0.477795 0.31835
0.0170286 254.314 0.490037 0.315121
0.0173691 258.123 0.502585 0.311601
0.0177165 261.985 0.515447 0.307691
0.0180708 265.9 0.528629 0.303555
0.0184323 269.868 0.54214 0.299064
0.0188009 273.891 0.555988 0.294197
0.0191769 277.968 0.57018 0.289101
0.0195605 282.101 0.584725 0.283673
0.0199517 286.291 0.599632 0.278011
0.0203507 290.538 0.614909 0.27203
0.0207577 294.843 0.630566 0.265865
0.0211729 299.206 0.64661 0.259318
0.0215963 303.63 0.663053 0.252624
0.0220282 308.124 0.679897 0.26732
0.0224688 312.668 0.697164 0.260013
0.0229182 317.274 0.714858 0.252435
0.0233766 321.942 0.732988 0.244758
0.0238441 326.674 0.751568 0.236929
0.024321 331.47 0.770604 0.228876
0.0248074 336.342 0.790108 0.242192
0.0253035 341.268 0.810095 0.233572
0.0258096 346.262 0.830574 0.224852
0.0263258 351.322 0.851558 0.216077
0.0268523 356.462 0.873053 0.228674
0.0273894 361.661 0.895082 0.219333
0.0279371 366.928 0.917649 0.209922
0.0284959 372.268 0.940773 0.20055
0.0290658 377.69 0.964457 0.21239
0.0296471 383.173 0.988726 0.202408
0.0302401 388.73 1.01359 0.192558
0.0308449 394.373 1.03906 0.204064
0.0314618 400.08 1.06515 0.193751
0.032091 405.863 1.09188 0.183448
0.0327328 411.735 1.11926 0.194589
0.0333875 417.674 1.14732 0.183939
0.0340552 423.692 1.17605 0.173421
0.0347363 429.802 1.20548 0.184176
0.0354311 435.981 1.23563 0.173274
0.0361397 442.243 1.26652 0.1626
0.0368625 448.599 1.29815 0.172885
0.0375997 455.028 1.33055 0.161848
0.0383517 461.554 1.36374 0.172288
0.0391187 468.154 1.39773 0.161016
0.0399011 474.842 1.43254 0.150027
0.0406991 481.629 1.4682 0.159982
0.0415131 488.494 1.50472 0.148682
0.0423434 495.462 1.54212 0.158889
0.0431903 502.51 1.58042 0.147346
0.0440541 509.65 1.61965 0.136239
0.0449351 516.895 1.65982 0.145971
0.0458338 524.224 1.70096 0.134681
0.0467505 531.66 1.74309 0.144498
0.0476855 539.182 1.78623 0.13303
0.0486392 546.813 1.8304 0.142937
0.049612 554.533 1.87565 0.131353
0.0506043 562.353 1.92197 0.120285
0.0516164 570.287 1.9694 0.129864
0.0526487 578.312 2.01797 0.118675
0.0537017 586.451 2.06769 0.128333
0.0547757 594.687 2.11861 0.117031
0.0558712 603.039 2.17074 0.126975
0.0569886 611.487 2.22412 0.115573
0.0581284 620.057 2.27877 0.125695
0.059291 628.724 2.33471 0.114234
0.0604768 637.505 2.392 0.103493
0.0616863 646.409 2.45064 0.113199
0.06292 655.415 2.51067 0.102273
0.0641784 664.549 2.57213 0.112312
0.065462 673.787 2.63504 0.101384
0.0667713 683.155 2.69944 0.111724
0.0681067 692.632 2.76537 0.10074
0.0694688 702.239 2.83285 0.111394
0.0708582 711.957 2.90193 0.100417
0.0722754 721.801 2.97264 0.0901706
0.0737209 731.778 3.04501 0.100389
0.0751953 741.871 3.11908 0.0901213
0.0766992 752.103 3.19491 0.100952
0.0782332 762.452 3.2725 0.0906033
0.0797978 772.932 3.35193 0.0807684
0.0813938 783.554 3.43321 0.0914135
0.0830217 794.298 3.5164 0.081638
0.0846821 805.188 3.60153 0.0927772
0.0863757 816.204 3.68866 0.083037
0.0881033 827.355 3.77782 0.0738739
0.0898653 838.658 3.86906 0.0848894
0.0916626 850.09 3.96243 0.0756405
0.0934959 861.673 4.05796 0.0872043
0.0953658 873.39 4.15573 0.0780584
0.0972731 885.253 4.25577 0.069347
0.0992186 897.271 4.35811 0.0811541
0.101203 909.427 4.46284 0.0723165
0.103227 921.734 4.57 0.0643156
0.105292 934.199 4.67963 0.0762062
0.107397 946.808 4.79179 0.0678681
0.109545 959.572 4.90655 0.0603184
0.111736 972.501 5.02395 0.0724892
0.113971 985.576 5.14405 0.0647354
0.11625 998.811 5.26692 0.0576131
0.118575 1012.22 5.39261 0.0702282
0.120947 1025.77 5.52118 0.0626012
0.123366 1039.49 5.6527 0.0557364
0.125833 1053.39 5.78724 0.0692414
0.12835 1067.44 5.92484 0.0622256
0.130917 1081.66 6.0656 0.0556437
0.133535 1096.05 6.20956 0.0495912
0.136206 1110.63 6.35681 0.0629791
0.13893 1125.36 6.50741 0.0566284
0.141709 1140.27 6.66143 0.0510468
0.144543 1155.36 6.81895 0.0456134
0.147434 1170.63 6.98004 0.0595038
0.150382 1186.08 7.14478 0.0540743
0.15339 1201.71 7.31325 0.0487274
0.156458 1217.52 7.48552 0.0440785
0.159587 1233.52 7.66168 0.0589764
0.162779 1249.71 7.84181 0.0541446
0.166034 1266.08 8.026 0.0496055
0.169355 1282.64 8.21433 0.0453941
0.172742 1299.39 8.40688 0.0415087
0.176197 1316.34 8.60376 0.0376052
0.179721 1333.49 8.80503 0.0534507
0.183315 1350.83 9.01081 0.0496636
0.186981 1368.37 9.22119 0.0461541
0.190721 1386.11 9.43627 0.0429181
0.194535 1404.05 9.65612 0.0399202
0.198426 1422.19 9.88087 0.037553
0.202395 1440.54 10.1106 0.0350375
0.206443 1459.1 10.3455 0.0327634
0.210571 1477.87 10.5855 0.0310819
0.214783 1496.86 10.8308 0.047861
0.219079 1516.05 11.0816 0.0461844
0.22346 1535.45 11.3379 0.044275
0.227929 1555.08 11.5999 0.0430263
0.232488 1574.92 11.8676 0.0415138
0.237138 1594.98 12.1412 0.0406405
0.24188 1615.26 12.4207 0.0399863
0.246718 1635.77 12.7064 0.0395283
0.251652 1656.5 12.9984 0.0387909
0.256685 1677.46 13.2968 0.0387521
0.261819 1698.65 13.6016 0.0389142
0.267056 1720.06 13.9131 0.0392759
0.272397 1741.71 14.2313 0.0398624
0.277845 1763.59 14.5565 0.0222009
0.283401 1785.71 14.8887 0.0228029
0.289069 1808.07 15.2281 0.0235947
0.294851 1830.67 15.5749 0.0245547
0.300748 1853.5 15.9291 0.0263876
0.306763 1876.59 16.2909 0.02788
0.312898 1899.91 16.6605 0.0296324
0.319156 1923.49 17.0381 0.0323029
0.325539 1947.31 17.4238 0.0347144
0.33205 1971.37 17.8177 0.0193463
0.338691 1995.7 18.22 0.021366
0.345465 2020.28 18.631 0.024427
0.352374 2045.11 19.0507 0.0272399
0.359422 2070.2 19.4793 0.0311811
0.36661 2095.54 19.917 0.0170978
0.373942 2121.15 20.364 0.0205442
0.381421 2147.02 20.8205 0.0238671
0.389049 2173.16 21.2866 0.0285249
0.39683 2199.56 21.7626 0.0153137
0.404767 2226.23 22.2486 0.0194557
0.412862 2253.17 22.7448 0.0243335
0.42112 2280.38 23.2515 0.0132843
0.429542 2307.87 23.7687 0.0167159
0.438133 2335.63 24.2969 0.0219562
0.446896 2363.66 24.836 0.0116978
0.455833 2391.97 25.3864 0.0164018
0.46495 2420.57 25.9483 0.0222434
0.474249 2449.44 26.5218 0.012113
0.483734 2478.6 27.1073 0.0175358
0.493409 2508.05 27.7049 0.0253864
0.503277 2537.78 28.3149 0.0148315
0.513342 2567.8 28.9374 0.0215914
0.523609 2598.1 29.5729 0.012139
0.534082 2628.71 30.2214 0.0186698
0.544763 2659.6 30.8832 0.0109765
0.555658 2690.8 31.5586 0.0176384
0.566772 2722.28 32.2479 0.00937183
0.578107 2754.07 32.9513 0.0173231
0.589669 2786.16 33.669 0.00936692
0.601463 2818.55 34.4014 0.0177707
0.613492 2851.24 35.1487 0.00984382
0.625762 2884.25 35.9112 0.0190677
0.638277 2917.55 36.6891 0.0121417
0.651042 2951.17 37.4828 0.0212275
0.664063 2985.09 38.2926 0.0141744
0.677345 3019.33 39.1187 0.00869981
0.690891 3053.89 39.9614 0.0170615
0.704709 3088.76 40.8212 0.0110434
0.718803 3123.94 41.6982 0.00629201
0.733179 3159.46 42.5928 0.0162869
0.747843 3195.28 43.5053 0.010845
0.7628 3231.43 44.4361 0.00643003
0.778056 3267.91 45.3854 0.0172122
0.793617 3304.71 46.3537 0.0119179
0.809489 3341.83 47.3412 0.00911426
0.825679 3379.29 48.3483 0.00591288
0.842193 3417.08 49.3754 0.0165618
0.859037 3455.2 50.4228 0.0120014
0.876217 3493.65 51.491 0.00969193
0.893742 3532.45 52.5802 0.00658021
0.911617 3571.57 53.6909 0.00557546
0.929849 3611.04 54.8235 0.0167414
0.948446 3650.85 55.9782 0.0129269
0.967415 3691 57.1557 0.0113315
0.986763 3731.5 58.3562 0.00787415
1.0065 3772.34 59.5802 0.0072689
1.02663 3813.53 60.828 0.00672873
1.04716 3855.07 62.1002 0.00624975
1.0681 3896.96 63.3972 0.00584739
1.08947 3939.21 64.7194 0.00552052
1.11126 3981.81 66.0672 0.0052712
1.13348 4024.76 67.4411 0.00511022
1.15615 4068.07 68.8416 0.00504442
1.17927 4111.75 70.2692 0.00506387
1.20286 4155.79 71.7244 0.00518942
1.22692 4200.18 73.2074 0.00540891
1.25145 4244.94 74.719 0.00572892
1.27648 4290.08 76.2598 0.00614569
1.30201 4335.58 77.8301 0.00667383
1.32805 4381.45 79.4304 0.00730571
1.35461 4427.69 81.0612 0.00803789
1.38171 4474.31 82.7234 0.00887688
1.40934 4521.32 84.4173 0.0126893
1.43753 4568.69 86.1432 0.00398419
1.46628 4616.44 87.902 0.00519425
1.4956 4664.58 89.6945 0.00651518
1.52552 4713.1 91.5208 0.00793166
1.55603 4762 93.3816 0.00945001
1.58715 4811.3 95.2778 0.00380124
1.61889 4860.98 97.2099 0.00565976
1.65127 4911.05 99.1782 0.00759138
1.68429 4961.52 101.184 0.00961621
1.71798 5012.39 103.227 0.00420833
1.75234 5063.65 105.309 0.00659016
1.78738 5115.31 107.43 0.00904068
1.82313 5167.39 109.59 0.00376406
1.8596 5219.85 111.792 0.00660205
1.89679 5272.73 114.034 0.00947959
1.93472 5326.01 116.318 0.00445234
1.97342 5379.71 118.645 0.00771597
2.01289 5433.82 121.016 0
2.05314 5488.34 123.43 0.00632983
2.09421 5543.28 125.89 0.00998773
2.13609 5598.64 128.395 0.00537634
2.17881 5654.43 130.947 0.00939826
2.22239 5710.63 133.546 0.00491035
2.26684 5767.26 136.193 0.00929007
2.31217 5824.33 138.89 0.00498046
2.35842 5881.82 141.636 0.0097046
2.40558 5939.76 144.433 0.00561213
2.4537 5998.11 147.281 0
2.50277 6056.92 150.183 0.00680504
2.55283 6116.16 153.138 0
2.60388 6175.85 156.146 0.00858983
2.65596 6235.99 159.211 0
2.70908 6296.56 162.332 0
2.76326 6357.62 165.51 0.00763007
2.81853 6419.09 168.747 0
2.8749 6481.05 172.043 0
2.93239 6543.45 175.399 0.00792139
2.99104 6606.33 178.817 0
3.05086 6669.65 182.297 0
3.11188 6733.47 185.841 0.0095796
3.17412 6797.74 189.45 0.00699356
3.2376 6862.49 193.125 0
3.30235 6927.71 196.866 0
3.3684 6993.43 200.676 0
3.43577 7059.61 204.555 0.00850263
3.50448 7126.29 208.505 0
3.57457 7193.45 212.527 0
3.64606 7261.12 216.622 0
3.71898 7329.26 220.791 0
3.79336 7397.92 225.036 0
3.86923 7467.07 229.358 0.0101642
3.94662 7536.73 233.759 0.0091023
4.02555 7606.9 238.239 0.00818583
4.10606 7677.57 242.8 0
4.18818 7748.77 247.444 0
4.27194 7820.48 252.172 0
4.35738 7892.71 256.986 0
4.44453 7965.48 261.887 0
4.53342 8038.77 266.876 0
4.62409 8112.59 271.956 0
4.71657 8186.95 277.127 0
4.8109 8261.84 282.391 0
4.90712 8337.3 287.751 0
5.00526 8413.28 293.206 0
5.10537 8489.82 298.761 0
