0.301302 250.188 0 250.188
0.307328 252.678 0.0924072 209.906
0.313474 255.194 0.121423 199.399
0.319744 257.735 0.151269 188.67
0.326139 260.301 0.16887 183.793
0.332662 262.892 0.187057 178.776
0.339315 265.51 0.218737 167.602
0.346101 268.153 0.225078 168.363
0.353023 270.823 0.244848 162.991
0.360084 273.52 0.265077 157.526
0.367285 276.243 0.285724 151.983
0.374631 278.993 0.293824 152.4
0.382124 281.771 0.315371 146.686
0.389766 284.577 0.337246 140.926
0.397561 287.41 0.34663 141.116
0.405513 290.272 0.369307 135.227
0.413623 293.162 0.37947 135.298
0.421895 296.082 0.402891 129.305
0.430333 299.03 0.413848 129.26
0.43894 302.008 0.425082 129.197
0.447719 305.015 0.449707 123.034
0.456673 308.052 0.461759 122.858
0.465807 311.121 0.474109 122.664
0.475123 314.219 0.49986 116.373
0.484625 317.348 0.513047 116.071
0.494318 320.508 0.526553 115.751
0.504204 323.7 0.553334 109.378
0.514288 326.924 0.56769 108.958
0.524574 330.179 0.582383 108.519
0.535065 333.468 0.59742 108.062
0.545767 336.789 0.612808 107.584
0.556682 340.143 0.641548 101.04
0.567816 343.532 0.657819 100.475
0.579172 346.953 0.674459 99.89
0.590755 350.409 0.691474 99.2879
0.60257 353.899 0.708873 98.6662
0.614622 357.425 0.726663 98.0274
0.626914 360.984 0.744849 97.3692
0.639453 364.581 0.776431 90.6488
0.652242 368.212 0.795547 89.9196
0.665286 371.881 0.815078 89.1751
0.678592 375.585 0.835032 88.413
0.692164 379.327 0.855416 87.6361
0.706007 383.105 0.876239 86.8418
0.720127 386.922 0.897507 86.0332
0.73453 390.776 0.919228 85.2077
0.749221 394.67 0.941411 84.3685
0.764205 398.603 0.964064 83.5143
0.779489 402.574 0.987194 82.6441
0.795079 406.585 1.01081 81.761
0.81098 410.637 1.03492 80.864
0.8272 414.728 1.05953 79.9517
0.843744 418.861 1.08466 79.0278
0.860619 423.036 1.1103 78.091
0.877831 427.25 1.13648 77.1399
0.895388 431.508 1.16319 76.1784
0.913296 435.809 1.19045 75.2052
0.931562 440.153 1.21827 74.2207
0.950193 444.539 1.24665 73.2235
0.969197 448.97 1.27561 72.2177
0.988581 453.445 1.30516 71.202
1.00835 457.965 1.3353 70.1769
1.02852 462.531 1.36605 69.1428
1.04909 467.14 1.39742 68.0982
1.07007 471.797 1.42941 67.0477
1.09147 476.5 1.46205 65.9899
1.1133 481.251 1.49533 64.9251
1.13557 486.05 1.52928 63.854
1.15828 490.896 1.56389 62.7772
1.18145 495.791 1.5992 61.6951
1.20507 500.735 1.6352 60.6084
1.22918 505.725 1.67191 59.5153
1.25376 510.769 1.70934 58.421
1.27883 515.862 1.7475 57.324
1.30441 521.007 1.78642 56.2247
1.3305 526.203 1.82609 55.1237
1.35711 531.452 1.86654 54.0217
1.38425 536.753 1.90778 52.9192
1.41194 542.107 1.93699 57.8161
1.44018 547.514 1.98 56.6683
1.46898 552.976 2.02385 55.5196
1.49836 558.493 2.06856 54.3708
1.52833 564.065 2.11413 53.2224
1.55889 569.693 2.1606 52.075
1.59007 575.377 2.20797 50.9295
1.62187 581.118 2.25626 49.7863
1.65431 586.917 2.30549 48.6462
1.68739 592.774 2.35568 47.5097
1.72114 598.693 2.40684 46.3811
1.75557 604.668 2.45899 45.2541
1.79068 610.704 2.49936 50.1153
1.82649 616.799 2.55378 48.9302
1.86302 622.956 2.60926 47.7498
1.90028 629.175 2.66581 46.5748
1.93829 635.457 2.72346 45.4059
1.97705 641.801 2.78223 44.2437
2.01659 648.213 2.84214 43.093
2.05692 654.686 2.90321 41.9464
2.09806 661.224 2.96547 40.8085
2.14002 667.827 3.02893 39.68
2.18283 674.497 3.0809 44.5259
2.22648 681.234 3.14715 43.3279
2.27101 688.044 3.21468 42.1438
2.31643 694.917 3.28352 40.9651
2.36276 701.86 3.35371 39.797
2.41002 708.872 3.42525 38.6401
2.45822 715.96 3.4982 37.4998
2.50738 723.115 3.57256 36.3673
2.55753 730.342 3.64837 35.2479
2.60868 737.641 3.71297 40.0954
2.66085 745.014 3.79211 38.8956
2.71407 752.467 3.87281 37.7144
2.76835 759.99 3.95507 36.5417
2.82372 767.589 4.03894 35.3833
2.88019 775.27 4.12446 34.2457
2.9378 783.023 4.21164 33.118
2.99655 790.854 4.30054 32.0064
3.05648 798.771 4.37832 36.9209
3.11761 806.762 4.47114 35.7183
3.17996 814.833 4.56579 34.532
3.24356 822.986 4.66228 33.3625
3.30843 831.228 4.76067 32.2175
3.3746 839.547 4.861 31.0839
3.4421 847.957 4.96331 29.9758
3.51094 856.446 5.06763 28.8803
3.58116 865.02 5.17401 27.8042
3.65278 873.689 5.27003 32.6395
3.72583 882.438 5.38112 31.4607
3.80035 891.276 5.49441 30.3019
3.87636 900.212 5.60993 29.1717
3.95389 909.231 5.72775 28.055
4.03296 918.349 5.8479 26.9678
4.11362 927.552 5.97044 25.8951
4.1959 936.849 6.09541 24.8446
4.27981 946.249 6.21047 29.6915
4.36541 955.736 6.34099 28.5259
4.45272 965.328 6.47411 27.3925
4.54177 975.009 6.60989 26.2743
4.63261 984.789 6.74837 25.1799
4.72526 994.679 6.88962 24.12
4.81976 1004.66 7.0337 23.0753
4.91616 1014.75 7.1678 28.074
5.01448 1024.94 7.3183 26.9001
5.11477 1035.24 7.47181 25.7626
5.21707 1045.63 7.6284 24.6415
5.32141 1056.15 7.78813 23.5577
5.42784 1066.75 7.95108 22.4908
5.53639 1077.48 8.11731 21.462
5.64712 1088.31 8.2869 20.4503
5.76006 1099.26 8.44716 25.4534
5.87527 1110.31 8.62433 24.2975
5.99277 1121.49 8.80507 23.1825
6.11263 1132.77 8.98946 22.0856
6.23488 1144.18 9.17759 21.0306
6.35958 1155.7 9.36954 19.9937
6.48677 1167.34 9.56539 18.9996
6.6165 1179.09 9.76524 18.0231
6.74883 1190.98 9.95652 23.0271
6.88381 1202.98 10.1653 21.89
7.02149 1215.11 10.3784 20.7995
7.16192 1227.36 10.5958 19.7275
7.30515 1239.75 10.8176 18.7034
7.45126 1252.25 11.044 17.697
7.60028 1264.89 11.275 16.7396
7.75229 1277.67 11.5108 15.8145
7.90733 1290.57 11.7389 20.8067
8.06548 1303.61 11.9853 19.7037
8.22679 1316.78 12.2367 18.6207
8.39133 1330.1 12.4933 17.5906
8.55915 1343.54 12.7553 16.5791
8.73034 1357.14 13.0226 15.6218
8.90494 1370.88 13.2954 14.6998
9.08304 1384.75 13.574 13.7963
9.2647 1398.78 13.8459 18.8179
9.45 1412.94 14.137 17.7136
9.639 1427.27 14.4341 16.669
9.83178 1441.75 14.7374 15.6633
10.0284 1456.36 15.0471 14.6782
10.229 1471.15 15.3632 13.7521
10.4336 1486.07 15.6859 12.8433
10.6422 1501.17 16.0154 11.9958
10.8551 1516.43 16.3394 17.0519
11.0722 1531.84 16.6838 15.9573
11.2936 1547.42 17.0355 14.9293
11.5195 1563.18 17.3945 13.944
11.7499 1579.08 17.7611 12.9798
11.9849 1595.17 18.1354 12.0817
12.2246 1611.43 18.5177 11.2248
12.4691 1627.84 18.908 10.387
12.7185 1644.46 19.2941 15.5126
12.9728 1661.25 19.7023 14.4428
13.2323 1678.2 20.1191 13.3983
13.4969 1695.35 20.5447 12.4268
13.7669 1712.67 20.9794 11.4744
14.0422 1730.2 21.4234 10.5993
14.323 1747.92 21.8768 9.76908
14.6095 1765.83 22.34 8.98302
14.9017 1783.9 22.8003 14.2026
15.1997 1802.21 23.2848 13.1245
15.5037 1820.71 23.7797 12.0999
15.8138 1839.39 24.2852 11.1011
16.1301 1858.3 24.8015 10.1857
16.4527 1877.41 25.329 9.32103
16.7817 1896.71 25.8679 8.47664
17.1174 1916.25 26.4184 7.71549
17.4597 1936.01 26.9809 7.00154
17.8089 1955.95 27.5438 12.0192
18.1651 1976.15 28.1324 10.9759
18.5284 1996.57 28.7338 9.99251
18.8989 2017.19 29.3483 9.03029
19.2769 2038.07 29.9763 8.17005
19.6625 2059.19 30.6179 7.36554
20.0557 2080.54 31.2736 6.61548
20.4568 2102.1 31.9438 5.88194
20.866 2123.94 32.6161 11.1778
21.2833 2146.02 33.3178 10.0826
21.709 2168.36 34.0349 9.05819
22.1431 2190.91 34.7678 8.06775
22.586 2213.76 35.5169 7.18762
23.0377 2236.87 36.2826 6.37266
23.4985 2260.2 37.0654 5.57776
23.9684 2283.85 37.8656 4.89631
24.4478 2307.77 38.6837 4.27278
24.9368 2331.97 39.5083 9.38651
25.4355 2356.4 40.3655 8.23712
25.9442 2381.17 41.2417 7.22639
26.4631 2406.22 42.1376 6.29772
26.9924 2431.57 43.0536 5.449
27.5322 2457.17 43.9904 4.63407
28.0828 2483.13 44.9483 3.94811
28.6445 2509.39 45.928 3.33191
29.2174 2535.97 46.9301 2.78255
29.8017 2562.81 47.9444 7.57662
30.3978 2590.04 48.9951 6.44038
31.0057 2617.59 50.0696 5.41278
31.6258 2645.4 51.1687 4.43077
32.2584 2673.64 52.293 3.62948
32.9035 2702.21 53.4432 2.92293
33.5616 2731.13 54.62 2.3075
34.2328 2760.35 55.8242 1.7195
34.9175 2790.01 57.0448 6.91715
35.6158 2820.03 58.309 5.51647
36.3282 2850.42 59.6024 4.27836
37.0547 2881.14 60.9258 3.15154
37.7958 2912.32 62.28 2.25643
38.5517 2943.89 63.666 1.50555
39.3228 2975.81 65.0847 0.845856
40.1092 3008.23 66.5372 0.414706
40.9114 3041.05 68.0122 5.91265
41.7296 3074.4 69.5409 3.87656
42.5642 3108.18 71.1049 2.10752
43.4155 3142.31 72.7055 0.531955
44.2838 3177.64 74.3439 0
45.1695 3213.68 76.0215 0
46.0729 3249.9 77.7397 0
46.9943 3286.31 79.5001 0
47.9342 3322.93 81.3045 0
48.8929 3359.77 83.145 5.11873
49.8708 3396.76 85.0557 0
50.8682 3438.97 87.0092 0
51.8856 3481.26 89.007 0
52.9233 3523.61 91.0508 0
53.9817 3566.02 93.1424 0
55.0614 3608.48 95.2837 0
56.1626 3650.97 97.4771 0
57.2858 3693.49 99.725 0
58.4316 3736.02 102.03 0
59.6002 3778.56 104.396 0
60.7922 3821.09 106.827 0
62.008 3863.61 109.329 0
63.2482 3906.13 111.906 4.04866
64.5132 3958.06 114.601 0
65.8034 4014.34 117.354 0
67.1195 4070.89 120.167 0
68.4619 4127.68 123.04 0
69.8311 4184.69 125.977 0
71.2277 4241.89 128.977 0
72.6523 4299.25 132.044 0
74.1053 4356.74 135.18 0
75.5874 4414.33 138.386 0
77.0992 4471.98 141.666 0
78.6412 4529.65 145.023 0
80.214 4587.31 148.459 0
81.8183 4644.92 151.979 0
83.4547 4702.43 155.586 0
85.1237 4759.8 159.286 0
86.8262 4816.98 163.085 0
88.5627 4873.93 166.987 0
90.334 4930.59 171.003 0
92.1407 4986.92 175.142 0
93.9835 5042.84 179.417 0
95.8632 5098.32 183.846 0
97.7804 5153.29 188.46 0
99.736 5217.74 193.349 0
101.731 5306.46 198.455 0
103.765 5396.32 203.683 0
105.841 5487.32 209.036 0
107.957 5579.46 214.516 0
110.117 5672.73 220.125 0
112.319 5767.13 225.866 0
114.565 5862.64 231.742 0
116.857 5959.26 237.756 0
119.194 6056.98 243.91 0
121.578 6155.79 250.206 0
124.009 6255.68 256.649 0
126.489 6356.62 263.24 0
129.019 6458.6 269.983 0
131.6 6561.61 276.881 0
134.232 6665.62 283.938 0
136.916 6770.62 291.155 0
139.655 6876.56 298.538 0
142.448 6983.44 306.089 0
145.297 7091.21 313.813 0
148.203 7199.86 321.713 0
151.167 7309.33 329.793 0
154.19 7419.6 338.058 0
157.274 7530.62 346.513 0
160.419 7642.36 355.162 0
163.628 7754.76 364.01 0
166.9 7867.77 373.063 0
170.238 7981.34 382.328 0
173.643 8095.42 391.81 0
177.116 8209.93 401.517 0
180.658 8324.83 411.456 0
184.271 8440.02 421.636 0
187.957 8555.45 432.066 0
191.716 8671.03 442.756 0
195.55 8786.68 453.718 0
199.461 8902.31 464.964 0
203.45 9017.83 476.508 0
207.519 9133.12 488.366 0
211.67 9248.1 500.557 0
215.903 9362.64 513.1 0
220.221 9476.62 526.021 0
224.626 9589.93 539.347 0
229.118 9702.42 553.11 0
233.7 9813.96 567.351 0
238.374 9924.39 582.117 0
243.142 10033.6 597.47 0
248.005 10141.3 613.493 0
252.965 10247.5 630.308 0
258.024 10351.8 648.144 0
263.185 10527.4 667.531 0
268.448 10737.9 687.656 0
273.817 10952.7 708.389 0
279.294 11171.7 729.746 0
284.88 11395.2 751.748 0
290.577 11623.1 774.413 0
296.389 11855.5 797.761 0
302.316 12092.6 821.813 0
308.363 12334.5 846.59 0
314.53 12581.2 872.115 0
320.821 12832.8 898.408 0
327.237 13089.5 925.495 0
333.782 13351.3 953.398 0
340.457 13618.3 982.143 0
347.267 13890.6 1011.75 0
354.212 14168.5 1042.26 0
361.296 14451.8 1073.68 0
368.522 14740.9 1106.05 0
375.892 15035.7 1139.4 0
383.41 15336.4 1173.75 0
391.079 15643.1 1209.14 0
398.9 15956 1245.59 0
406.878 16275.1 1283.15 0
415.016 16600.6 1321.83 0
423.316 16932.6 1361.69 0
431.782 17271.3 1402.74 0
440.418 17616.7 1445.03 0
449.226 17969 1488.6 0
458.211 18328.4 1533.48 0
467.375 18695 1579.71 0
476.723 19068.9 1627.34 0
486.257 19450.3 1676.41 0
495.982 19839.3 1726.95 0
505.902 20236 1779.02 0
516.02 20640.8 1832.65 0
526.34 21053.6 1887.91 0
536.867 21474.7 1944.82 0
547.604 21904.1 2003.46 0
558.556 22342.2 2063.86 0
569.728 22789.1 2126.09 0
581.122 23244.9 2190.19 0
592.745 23709.8 2256.22 0
604.599 24183.9 2324.25 0
616.691 24667.6 2394.32 0
629.025 25161 2466.51 0
641.606 25664.2 2540.87 0
654.438 26177.5 2617.48 0
667.527 26701 2696.39 0
680.877 27235.1 2777.69 0
694.495 27779.8 2861.43 0
708.385 28335.3 2947.71 0
722.552 28902.1 3036.58 0
737.003 29480.1 3128.13 0
751.743 30069.7 3222.44 0
766.778 30671.1 3319.6 0
782.114 31284.5 3419.68 0
797.756 31910.2 3522.78 0
813.711 32548.4 3628.99 0
829.985 33199.4 3738.4 0
846.585 33863.4 3851.11 0
863.517 34540.6 3967.22 0
880.787 35231.4 4086.83 0
898.403 35936.1 4210.05 0
916.371 36654.8 4336.98 0
934.698 37387.9 4467.74 0
953.392 38135.6 4602.44 0
972.46 38898.4 4741.2 0
991.909 39676.3 4884.14 0
1011.75 40469.9 5031.4 0
1031.98 41279.2 5183.09 0
1052.62 42104.8 5339.36 0
1073.67 42946.9 5500.34 0
1095.15 43805.9 5666.17 0
1117.05 44682 5837 0
1139.39 45575.6 6012.99 0
1162.18 46487.1 6194.28 0
1185.42 47416.9 6381.03 0
1209.13 48365.2 6573.42 0
1233.31 49332.5 6771.6 0
1257.98 50319.2 6975.76 0
1283.14 51325.6 7186.08 0
1308.8 52352.1 7402.73 0
1334.98 53399.1 7625.92 0
1361.68 54467.1 7855.84 0
1388.91 55556.4 8092.69 0
1416.69 56667.6 8336.68 0
1445.02 57800.9 8588.03 0
1473.93 58956.9 8846.95 0
1503.4 60136.1 9113.68 0
1533.47 61338.8 9388.46 0
1564.14 62565.6 9671.51 0
1595.42 63816.9 9963.1 0
1627.33 65093.2 10263.5 0
1659.88 66395.1 10572.9 0
1693.08 67723 10891.7 0
1726.94 69077.4 11220.1 0
1761.48 70459 11558.4 0
1796.71 71868.2 11906.8 0
1832.64 73305.5 12265.8 0
1869.29 74771.6 12635.6 0
1906.68 76267.1 13016.6 0
1944.81 77792.4 13409 0
1983.71 79348.3 13813.3 0
2023.38 80935.2 14229.8 0
2063.85 82553.9 14658.8 0
2105.13 84205 15100.7 0
2147.23 85889.1 15556 0
2190.18 87606.9 16025 0
2233.98 89359 16508.2 0
2278.66 91146.2 17005.9 0
2324.23 92969.1 17518.6 0
2370.72 94828.5 18046.8 0
2418.13 96725.1 18590.9 0
2466.49 98659.6 19151.4 0
2515.82 100633 19728.8 0
2566.14 102645 20323.6 0
2617.46 104698 20936.4 0
2669.81 106792 21567.6 0
2723.21 108928 22217.8 0
2777.67 111107 22887.7 0
2833.23 113329 23577.7 0
2889.89 115595 24288.6 0
2947.69 117907 25020.9 0
3006.64 120266 25775.3 0
